/*--------------------------------*- C++ -*----------------------------------*\
| =========                 |                                                 |
| \\      /  F ield         | OpenFOAM: The Open Source CFD Toolbox           |
|  \\    /   O peration     | Version:  v2012                                 |
|   \\  /    A nd           | Website:  www.openfoam.com                      |
|    \\/     M anipulation  |                                                 |
\*---------------------------------------------------------------------------*/
FoamFile
{
    version     2.0;
    format      ascii;
    class       labelList;
    location    "constant/polyMesh";
    object      cellProcAddressing;
}
// * * * * * * * * * * * * * * * * * * * * * * * * * * * * * * * * * * * * * //


14804
(
0
2
5
6
9
16
18
19
20
23
24
26
27
28
29
31
38
40
43
52
53
61
69
79
80
83
87
88
89
90
92
93
98
101
103
111
116
117
119
126
129
130
140
142
143
145
146
151
156
158
161
169
182
184
185
190
194
197
202
205
208
209
210
219
224
225
234
241
249
252
254
255
259
262
277
278
282
290
291
292
297
301
302
303
306
309
312
318
319
324
329
334
336
337
341
344
345
352
353
357
358
360
370
373
374
382
383
386
388
398
402
409
412
415
420
423
424
430
431
441
442
444
448
450
453
456
460
463
464
465
466
467
468
473
474
475
478
479
480
490
493
494
495
501
502
514
516
519
522
526
535
536
540
541
544
546
547
550
557
561
563
564
570
571
573
577
578
581
584
586
588
593
594
597
601
604
608
611
614
619
624
626
636
643
644
649
650
655
657
662
670
675
677
679
683
684
687
696
697
698
704
707
709
713
715
721
722
725
737
743
744
750
754
757
760
765
768
770
775
781
796
797
798
807
808
811
812
814
821
822
823
830
831
840
842
847
848
853
855
859
861
867
870
875
877
886
890
892
893
894
897
899
904
905
906
908
909
910
915
916
928
930
932
939
941
942
944
947
948
960
963
964
966
970
971
973
974
976
977
983
986
989
990
991
998
1003
1004
1006
1007
1010
1011
1013
1014
1017
1018
1022
1023
1033
1034
1036
1047
1049
1057
1059
1060
1061
1070
1073
1077
1093
1106
1109
1114
1115
1116
1120
1124
1125
1126
1129
1132
1134
1136
1141
1145
1152
1159
1166
1170
1171
1184
1187
1191
1192
1194
1195
1196
1198
1199
1201
1202
1203
1205
1209
1211
1215
1223
1226
1231
1243
1249
1255
1260
1275
1290
1292
1312
1319
1320
1323
1324
1325
1326
1327
1329
1333
1339
1340
1341
1345
1349
1354
1357
1360
1363
1368
1371
1374
1380
1383
1386
1388
1391
1402
1405
1408
1412
1415
1425
1429
1434
1439
1442
1450
1451
1453
1457
1463
1464
1465
1466
1467
1472
1473
1479
1481
1493
1494
1496
1497
1500
1502
1505
1514
1515
1516
1523
1526
1530
1536
1543
1544
1546
1552
1560
1581
1583
1590
1591
1594
1609
1618
1622
1623
1624
1625
1627
1629
1631
1632
1634
1636
1642
1644
1652
1654
1657
1659
1662
1665
1668
1669
1673
1674
1675
1677
1679
1681
1684
1687
1688
1689
1691
1693
1696
1699
1701
1702
1710
1717
1722
1725
1727
1738
1743
1744
1751
1757
1763
1766
1768
1772
1775
1784
1785
1786
1787
1788
1789
1794
1798
1800
1801
1802
1805
1813
1815
1819
1820
1821
1825
1826
1830
1832
1836
1841
1844
1850
1851
1853
1859
1861
1863
1867
1875
1876
1878
1880
1881
1886
1887
1888
1890
1893
1897
1902
1904
1906
1908
1909
1912
1915
1920
1923
1926
1936
1947
1954
1955
1958
1961
1962
1967
1968
1976
1977
1978
1994
1997
2007
2015
2018
2022
2023
2024
2031
2037
2038
2043
2050
2055
2060
2063
2064
2067
2068
2070
2078
2086
2087
2093
2096
2098
2102
2103
2105
2107
2110
2113
2114
2119
2122
2129
2132
2133
2134
2136
2137
2148
2149
2150
2153
2155
2156
2164
2170
2172
2173
2174
2182
2185
2188
2189
2192
2195
2196
2198
2200
2205
2208
2209
2210
2211
2212
2214
2220
2222
2226
2231
2233
2240
2244
2249
2254
2255
2264
2267
2268
2275
2284
2287
2288
2289
2293
2296
2297
2298
2304
2309
2315
2316
2319
2328
2332
2333
2337
2338
2344
2347
2352
2354
2356
2360
2362
2367
2375
2378
2387
2388
2389
2391
2392
2395
2396
2401
2403
2405
2416
2422
2429
2432
2444
2446
2452
2463
2465
2476
2477
2484
2487
2489
2495
2499
2501
2509
2511
2512
2514
2519
2522
2525
2529
2530
2533
2534
2548
2550
2562
2563
2565
2567
2573
2581
2582
2587
2588
2593
2595
2600
2602
2606
2607
2610
2615
2625
2627
2630
2631
2643
2644
2649
2651
2663
2664
2667
2669
2670
2673
2675
2677
2679
2683
2685
2690
2692
2702
2705
2712
2722
2728
2732
2735
2738
2739
2743
2745
2751
2755
2757
2762
2765
2770
2776
2779
2780
2782
2783
2792
2794
2800
2809
2819
2820
2824
2826
2833
2835
2841
2848
2851
2855
2856
2857
2860
2861
2866
2868
2871
2873
2874
2876
2880
2882
2884
2899
2900
2911
2913
2914
2917
2930
2935
2938
2940
2942
2948
2957
2963
2966
2969
2995
2999
3011
3014
3019
3029
3030
3032
3033
3044
3045
3047
3051
3059
3071
3072
3075
3079
3080
3081
3084
3086
3087
3088
3089
3095
3099
3104
3105
3106
3107
3109
3114
3117
3124
3125
3130
3135
3138
3143
3149
3158
3166
3169
3173
3183
3186
3187
3198
3199
3200
3204
3209
3211
3213
3220
3225
3227
3231
3237
3238
3239
3241
3246
3248
3253
3254
3268
3271
3277
3279
3282
3288
3293
3295
3306
3307
3308
3309
3310
3311
3317
3322
3328
3332
3333
3335
3338
3349
3350
3351
3354
3356
3362
3367
3371
3374
3378
3379
3380
3388
3392
3398
3404
3417
3420
3421
3422
3424
3425
3428
3431
3441
3442
3446
3449
3452
3455
3459
3463
3465
3466
3469
3473
3480
3487
3489
3493
3499
3501
3502
3506
3508
3510
3511
3515
3523
3525
3535
3540
3544
3545
3547
3548
3554
3560
3565
3566
3568
3570
3572
3575
3579
3583
3586
3591
3592
3596
3619
3624
3634
3637
3640
3648
3650
3652
3662
3663
3666
3669
3673
3674
3678
3685
3690
3704
3707
3711
3716
3724
3725
3735
3739
3741
3742
3744
3747
3748
3749
3752
3753
3755
3756
3758
3760
3763
3773
3775
3784
3785
3786
3787
3788
3789
3792
3795
3797
3803
3805
3806
3809
3812
3817
3824
3827
3833
3847
3848
3850
3855
3868
3883
3887
3888
3892
3893
3908
3914
3917
3919
3920
3925
3928
3931
3940
3941
3942
3949
3951
3953
3954
3964
3965
3972
3979
3983
3985
3990
3994
3996
3999
4007
4012
4014
4017
4024
4026
4028
4033
4035
4045
4056
4058
4066
4071
4072
4074
4075
4078
4082
4084
4093
4095
4098
4102
4103
4106
4111
4112
4114
4116
4120
4122
4131
4132
4138
4140
4152
4155
4163
4164
4165
4167
4171
4173
4174
4180
4182
4183
4187
4188
4193
4194
4200
4205
4208
4210
4212
4218
4224
4228
4229
4231
4234
4235
4244
4250
4255
4256
4259
4264
4270
4273
4274
4284
4285
4288
4294
4297
4298
4302
4306
4308
4313
4321
4323
4324
4325
4326
4343
4353
4356
4359
4360
4365
4383
4387
4390
4395
4399
4404
4407
4420
4430
4431
4433
4436
4438
4447
4449
4451
4453
4455
4457
4467
4468
4472
4479
4485
4486
4489
4490
4495
4499
4500
4512
4522
4535
4549
4552
4570
4571
4577
4580
4581
4582
4589
4599
4610
4611
4613
4617
4632
4636
4637
4638
4642
4643
4647
4648
4653
4662
4675
4680
4694
4696
4697
4698
4699
4702
4708
4709
4720
4731
4737
4745
4746
4750
4751
4752
4756
4759
4761
4762
4774
4781
4784
4786
4789
4790
4791
4793
4797
4798
4800
4802
4803
4808
4816
4817
4818
4822
4831
4833
4837
4841
4842
4844
4847
4852
4854
4857
4862
4864
4865
4868
4871
4875
4882
4891
4918
4920
4923
4926
4930
4943
4950
4951
4953
4955
4974
4975
4977
5001
5003
5004
5006
5008
5014
5015
5016
5018
5020
5028
5030
5037
5038
5041
5044
5050
5052
5056
5057
5059
5060
5066
5067
5076
5081
5085
5089
5094
5099
5100
5108
5114
5115
5117
5121
5125
5126
5130
5131
5132
5144
5158
5169
5170
5175
5178
5184
5186
5189
5190
5194
5195
5199
5201
5203
5206
5218
5221
5222
5224
5225
5226
5234
5238
5239
5246
5248
5250
5258
5261
5271
5272
5273
5275
5277
5280
5283
5296
5298
5307
5310
5311
5313
5317
5332
5334
5342
5343
5344
5348
5349
5355
5360
5361
5362
5365
5366
5367
5368
5373
5376
5384
5385
5397
5398
5404
5406
5408
5409
5411
5412
5414
5419
5420
5424
5425
5426
5441
5445
5449
5453
5463
5471
5476
5479
5490
5491
5493
5494
5496
5505
5512
5514
5515
5520
5521
5522
5527
5545
5548
5549
5555
5556
5559
5565
5569
5571
5573
5587
5591
5602
5611
5619
5631
5633
5635
5638
5642
5646
5651
5657
5668
5670
5673
5679
5689
5691
5692
5693
5694
5705
5707
5708
5711
5712
5718
5722
5724
5729
5732
5733
5741
5744
5745
5750
5751
5761
5768
5770
5772
5778
5779
5783
5801
5804
5805
5815
5824
5827
5828
5830
5831
5835
5838
5840
5843
5845
5851
5861
5869
5876
5888
5893
5898
5903
5917
5918
5920
5921
5925
5932
5933
5937
5938
5940
5944
5950
5951
5958
5959
5960
5966
5969
5974
5976
5979
5983
5984
5991
5993
5995
5996
5999
6002
6009
6011
6030
6031
6032
6034
6042
6043
6054
6057
6059
6061
6072
6073
6077
6080
6084
6086
6111
6116
6121
6122
6126
6134
6137
6142
6149
6152
6155
6161
6162
6170
6179
6183
6185
6187
6193
6197
6198
6202
6213
6214
6218
6219
6221
6222
6223
6226
6230
6232
6237
6244
6251
6253
6254
6259
6261
6277
6284
6287
6289
6290
6291
6296
6297
6298
6315
6322
6329
6341
6343
6345
6346
6353
6360
6361
6364
6367
6372
6374
6388
6394
6395
6397
6405
6409
6411
6412
6414
6416
6417
6418
6425
6427
6434
6436
6453
6454
6455
6463
6464
6471
6476
6477
6482
6483
6486
6492
6505
6506
6509
6510
6512
6515
6516
6518
6520
6521
6523
6529
6532
6541
6542
6550
6556
6557
6564
6565
6569
6574
6581
6582
6583
6586
6588
6592
6593
6595
6598
6600
6602
6611
6612
6614
6618
6619
6620
6621
6622
6623
6629
6637
6642
6647
6654
6657
6658
6661
6663
6672
6673
6682
6683
6686
6689
6691
6695
6696
6703
6708
6711
6714
6718
6721
6723
6724
6725
6730
6732
6734
6743
6750
6755
6758
6765
6776
6797
6802
6810
6828
6834
6836
6840
6842
6846
6847
6849
6850
6862
6869
6874
6875
6878
6883
6885
6888
6892
6903
6917
6920
6921
6926
6929
6931
6932
6933
6935
6939
6941
6943
6948
6951
6968
6971
6977
6982
6983
6986
6988
6991
6994
6995
6996
7002
7006
7012
7013
7020
7024
7027
7034
7035
7040
7042
7044
7046
7052
7054
7056
7058
7062
7063
7066
7071
7072
7075
7079
7080
7083
7086
7089
7104
7110
7116
7117
7122
7128
7135
7136
7138
7139
7141
7144
7147
7149
7155
7157
7168
7170
7177
7179
7181
7184
7185
7191
7192
7193
7197
7199
7207
7213
7214
7218
7223
7225
7228
7229
7230
7233
7239
7244
7249
7250
7252
7257
7260
7261
7264
7270
7275
7276
7277
7282
7292
7295
7297
7298
7302
7306
7312
7313
7314
7316
7317
7320
7321
7323
7326
7327
7328
7330
7332
7333
7334
7337
7339
7342
7343
7355
7356
7359
7360
7362
7366
7372
7373
7379
7382
7391
7393
7395
7396
7397
7400
7401
7405
7408
7416
7417
7418
7419
7433
7436
7437
7440
7445
7447
7453
7459
7461
7476
7481
7482
7486
7488
7493
7495
7496
7499
7501
7504
7510
7515
7522
7538
7539
7541
7542
7544
7546
7548
7550
7554
7556
7560
7562
7568
7574
7575
7576
7578
7583
7585
7589
7592
7596
7597
7602
7604
7609
7610
7613
7616
7619
7624
7625
7628
7629
7630
7633
7637
7644
7649
7650
7663
7664
7665
7670
7671
7673
7676
7685
7688
7690
7691
7701
7702
7704
7708
7721
7725
7731
7736
7739
7746
7748
7750
7751
7754
7758
7760
7761
7770
7772
7786
7788
7794
7797
7802
7803
7813
7814
7824
7827
7832
7833
7835
7836
7837
7841
7843
7846
7853
7855
7860
7861
7865
7873
7874
7875
7882
7885
7886
7892
7894
7899
7900
7906
7907
7908
7911
7916
7918
7923
7927
7928
7942
7945
7946
7948
7956
7962
7969
7970
7973
7974
7976
7977
7979
7980
7981
7984
7995
7998
8000
8012
8015
8017
8020
8022
8023
8027
8030
8031
8032
8034
8040
8042
8045
8059
8063
8067
8073
8083
8085
8087
8090
8097
8098
8101
8106
8107
8108
8110
8114
8123
8125
8132
8135
8140
8143
8146
8152
8154
8155
8159
8162
8166
8171
8173
8174
8176
8177
8179
8181
8187
8189
8191
8195
8196
8197
8200
8207
8210
8211
8215
8222
8238
8240
8244
8249
8251
8261
8263
8266
8267
8268
8270
8279
8281
8284
8291
8292
8301
8304
8305
8306
8309
8312
8315
8318
8320
8324
8329
8331
8332
8333
8335
8337
8340
8341
8346
8347
8349
8350
8353
8357
8358
8362
8364
8371
8373
8374
8377
8380
8396
8398
8400
8402
8408
8424
8425
8429
8431
8434
8435
8440
8444
8449
8450
8453
8454
8456
8462
8464
8467
8469
8471
8475
8485
8489
8490
8496
8500
8501
8504
8505
8507
8509
8511
8516
8522
8525
8528
8530
8533
8534
8542
8545
8548
8553
8554
8557
8559
8563
8564
8567
8569
8579
8582
8591
8596
8598
8600
8611
8613
8614
8615
8622
8629
8632
8633
8635
8636
8638
8640
8643
8644
8645
8651
8657
8658
8666
8682
8685
8686
8688
8691
8692
8697
8699
8704
8706
8712
8713
8717
8719
8725
8727
8729
8730
8731
8736
8740
8752
8754
8767
8773
8778
8781
8785
8788
8792
8793
8796
8797
8804
8810
8812
8814
8815
8817
8819
8820
8822
8824
8826
8832
8833
8834
8836
8839
8841
8845
8849
8853
8855
8857
8859
8860
8862
8864
8876
8878
8883
8887
8889
8894
8900
8909
8915
8918
8921
8925
8929
8931
8932
8937
8938
8939
8942
8944
8948
8950
8957
8968
8969
8972
8978
8980
8984
8987
8992
8994
8995
8998
9001
9005
9009
9012
9013
9014
9017
9020
9025
9034
9051
9054
9058
9059
9060
9065
9069
9070
9073
9075
9086
9088
9093
9094
9097
9107
9110
9112
9115
9116
9117
9118
9128
9132
9143
9144
9150
9156
9162
9164
9170
9179
9181
9183
9189
9194
9196
9198
9199
9203
9206
9207
9211
9219
9223
9225
9231
9237
9239
9246
9250
9252
9259
9264
9265
9267
9270
9273
9274
9275
9278
9281
9283
9284
9285
9289
9291
9293
9304
9310
9312
9316
9319
9326
9327
9329
9336
9340
9343
9344
9345
9348
9354
9359
9361
9362
9371
9376
9381
9384
9399
9411
9412
9415
9418
9420
9429
9431
9442
9444
9447
9451
9453
9454
9455
9463
9467
9469
9472
9491
9495
9496
9499
9503
9509
9510
9515
9516
9518
9522
9528
9533
9536
9537
9539
9540
9543
9544
9549
9551
9553
9554
9559
9561
9562
9565
9566
9571
9573
9578
9579
9584
9587
9588
9591
9593
9597
9599
9602
9610
9621
9625
9626
9628
9630
9635
9636
9643
9645
9646
9647
9650
9653
9656
9666
9672
9677
9678
9681
9683
9685
9699
9701
9702
9706
9715
9717
9722
9726
9728
9730
9732
9734
9735
9738
9751
9765
9766
9768
9769
9771
9773
9775
9778
9782
9789
9791
9796
9797
9800
9802
9804
9805
9807
9808
9809
9814
9815
9818
9819
9823
9838
9842
9846
9848
9852
9853
9857
9867
9868
9869
9871
9874
9879
9880
9886
9889
9897
9907
9913
9916
9930
9931
9936
9940
9945
9946
9948
9950
9954
9955
9956
9957
9958
9962
9963
9974
9976
9977
9979
9981
9986
9989
9990
9999
10001
10006
10010
10011
10018
10020
10021
10029
10034
10037
10038
10048
10052
10053
10055
10057
10071
10072
10079
10084
10087
10089
10092
10093
10095
10097
10098
10104
10105
10107
10108
10110
10112
10114
10117
10119
10133
10150
10152
10153
10162
10164
10165
10169
10170
10171
10173
10174
10175
10183
10186
10187
10194
10209
10214
10215
10218
10220
10221
10226
10230
10232
10234
10238
10240
10241
10246
10248
10255
10256
10258
10267
10271
10272
10275
10280
10282
10285
10286
10288
10289
10296
10297
10298
10299
10300
10303
10308
10317
10319
10324
10326
10328
10329
10332
10333
10336
10342
10345
10353
10360
10365
10366
10370
10385
10386
10402
10405
10409
10418
10419
10420
10421
10423
10424
10426
10429
10431
10432
10433
10437
10439
10444
10447
10449
10451
10457
10459
10460
10461
10464
10466
10467
10473
10476
10480
10481
10482
10483
10486
10494
10495
10497
10498
10500
10501
10503
10504
10505
10511
10512
10513
10518
10522
10527
10531
10533
10534
10536
10542
10545
10546
10550
10551
10552
10557
10561
10563
10567
10572
10573
10577
10578
10582
10585
10589
10590
10591
10592
10593
10596
10601
10605
10611
10616
10619
10622
10627
10630
10631
10635
10641
10643
10644
10649
10651
10652
10655
10658
10664
10670
10671
10672
10675
10677
10680
10681
10682
10683
10684
10689
10694
10697
10705
10721
10725
10737
10738
10740
10743
10745
10746
10752
10762
10765
10766
10775
10776
10777
10779
10786
10789
10790
10791
10793
10802
10805
10807
10811
10814
10820
10823
10827
10829
10831
10832
10834
10841
10850
10853
10854
10855
10857
10859
10861
10867
10870
10872
10873
10883
10886
10897
10898
10901
10903
10905
10909
10920
10921
10924
10926
10931
10933
10934
10936
10937
10942
10947
10949
10952
10954
10957
10960
10962
10963
10964
10966
10967
10968
10970
10977
10978
10983
10992
10997
10998
11000
11002
11013
11014
11016
11021
11023
11041
11042
11047
11048
11049
11050
11054
11066
11073
11075
11080
11083
11085
11091
11097
11098
11126
11128
11131
11132
11136
11143
11147
11154
11172
11173
11176
11179
11188
11189
11190
11195
11198
11209
11216
11217
11218
11220
11227
11229
11235
11239
11244
11255
11259
11261
11264
11269
11274
11275
11280
11283
11291
11294
11298
11301
11302
11306
11311
11313
11316
11320
11324
11326
11331
11342
11345
11346
11348
11349
11350
11351
11354
11355
11362
11364
11365
11366
11367
11369
11371
11374
11376
11381
11384
11389
11411
11415
11418
11421
11423
11424
11428
11431
11432
11434
11437
11440
11444
11447
11453
11462
11467
11474
11476
11477
11481
11483
11485
11488
11489
11493
11499
11502
11506
11510
11513
11520
11526
11546
11550
11563
11565
11577
11578
11581
11582
11584
11586
11592
11594
11595
11599
11605
11612
11615
11622
11624
11628
11630
11634
11638
11639
11640
11642
11643
11645
11654
11662
11666
11669
11670
11675
11676
11677
11678
11682
11684
11686
11687
11688
11693
11696
11706
11712
11713
11718
11725
11726
11727
11731
11733
11734
11736
11742
11743
11748
11755
11757
11769
11776
11777
11778
11781
11782
11784
11785
11786
11789
11791
11792
11802
11803
11807
11811
11814
11815
11817
11819
11820
11821
11823
11825
11826
11828
11834
11835
11837
11838
11843
11849
11852
11857
11860
11865
11868
11869
11874
11879
11880
11889
11892
11897
11903
11904
11906
11907
11910
11911
11916
11925
11926
11928
11930
11932
11933
11936
11941
11944
11945
11946
11947
11949
11950
11953
11954
11957
11959
11960
11967
11971
11972
11974
11978
11980
11981
11990
11991
11992
11993
11995
11996
11997
12002
12003
12004
12006
12012
12018
12021
12029
12033
12040
12041
12043
12046
12055
12058
12059
12061
12062
12063
12067
12069
12071
12075
12076
12081
12083
12084
12085
12088
12091
12095
12096
12097
12098
12106
12108
12113
12116
12121
12127
12129
12133
12142
12144
12149
12150
12151
12156
12161
12162
12171
12173
12174
12177
12178
12180
12183
12189
12191
12192
12193
12196
12201
12202
12203
12208
12209
12215
12218
12220
12221
12223
12224
12235
12236
12242
12245
12247
12255
12256
12257
12258
12260
12262
12267
12271
12272
12280
12282
12288
12290
12291
12292
12293
12298
12300
12310
12311
12313
12315
12316
12325
12328
12329
12331
12334
12335
12336
12343
12344
12345
12348
12350
12351
12352
12353
12355
12360
12365
12369
12370
12372
12377
12379
12382
12384
12385
12395
12398
12406
12411
12413
12415
12417
12418
12428
12431
12432
12433
12435
12439
12443
12447
12455
12461
12467
12468
12471
12475
12476
12477
12478
12479
12488
12489
12493
12505
12509
12514
12516
12519
12524
12525
12534
12535
12536
12539
12542
12546
12547
12548
12552
12557
12559
12562
12564
12565
12570
12572
12575
12579
12581
12589
12593
12597
12598
12604
12605
12606
12607
12609
12610
12611
12613
12616
12617
12618
12619
12620
12621
12623
12626
12627
12628
12629
12630
12631
12633
12636
12638
12639
12642
12647
12650
12653
12654
12655
12658
12665
12667
12671
12676
12682
12684
12697
12701
12702
12704
12706
12707
12711
12712
12714
12723
12724
12726
12727
12728
12733
12736
12744
12746
12748
12751
12755
12760
12761
12765
12766
12774
12779
12780
12782
12783
12784
12787
12792
12794
12797
12799
12800
12802
12804
12806
12810
12811
12813
12817
12820
12824
12830
12831
12838
12843
12848
12849
12852
12858
12859
12860
12864
12869
12874
12875
12878
12883
12884
12885
12886
12888
12892
12897
12903
12905
12907
12911
12912
12913
12922
12926
12935
12936
12937
12942
12943
12950
12953
12955
12956
12957
12961
12965
12967
12973
12978
12982
12986
12990
12991
12992
12995
12998
13004
13005
13008
13009
13014
13017
13023
13024
13029
13035
13042
13043
13044
13045
13047
13051
13052
13058
13061
13063
13066
13069
13073
13076
13078
13080
13084
13086
13087
13089
13091
13093
13097
13099
13108
13109
13112
13113
13114
13115
13131
13138
13139
13144
13151
13155
13156
13157
13158
13159
13163
13164
13165
13170
13174
13175
13176
13185
13188
13189
13194
13195
13196
13202
13204
13205
13207
13209
13212
13213
13214
13216
13228
13230
13232
13233
13239
13248
13250
13251
13254
13256
13257
13258
13260
13262
13267
13269
13271
13272
13273
13274
13276
13279
13284
13285
13288
13292
13293
13298
13299
13303
13306
13307
13308
13309
13312
13318
13322
13323
13327
13331
13332
13337
13339
13341
13345
13347
13351
13355
13356
13358
13359
13360
13363
13372
13378
13381
13382
13385
13386
13393
13406
13414
13416
13417
13423
13424
13425
13428
13430
13431
13442
13447
13449
13450
13455
13458
13460
13461
13463
13465
13466
13467
13473
13483
13487
13488
13491
13495
13498
13499
13501
13507
13509
13511
13525
13530
13531
13532
13533
13534
13535
13542
13543
13546
13549
13550
13553
13560
13561
13562
13565
13572
13574
13575
13581
13583
13585
13586
13587
13589
13591
13594
13598
13603
13610
13612
13613
13615
13618
13619
13625
13629
13644
13645
13648
13650
13655
13658
13662
13666
13669
13678
13680
13682
13683
13688
13690
13693
13694
13695
13697
13701
13705
13707
13708
13709
13710
13717
13718
13719
13730
13735
13736
13737
13742
13747
13750
13753
13754
13760
13772
13775
13776
13777
13780
13783
13784
13785
13787
13789
13790
13791
13797
13798
13803
13804
13807
13812
13813
13816
13822
13831
13832
13835
13844
13846
13848
13852
13853
13854
13855
13865
13866
13867
13871
13872
13873
13876
13878
13883
13885
13887
13890
13893
13897
13907
13908
13919
13926
13931
13932
13934
13935
13938
13939
13940
13942
13946
13947
13950
13957
13958
13959
13960
13962
13964
13967
13969
13971
13974
13975
13984
13985
13987
13990
13993
13994
13998
14001
14003
14006
14008
14011
14013
14015
14016
14020
14027
14028
14034
14035
14036
14038
14041
14045
14047
14049
14055
14056
14059
14062
14063
14064
14065
14070
14071
14072
14076
14078
14080
14081
14084
14085
14092
14093
14099
14100
14101
14111
14112
14115
14118
14120
14121
14123
14125
14128
14134
14135
14137
14140
14145
14152
14160
14162
14163
14169
14173
14175
14176
14178
14179
14191
14193
14199
14201
14209
14210
14212
14214
14218
14220
14226
14227
14232
14238
14240
14243
14246
14247
14248
14252
14256
14259
14265
14266
14267
14269
14273
14274
14275
14278
14280
14282
14284
14286
14288
14290
14291
14292
14295
14299
14300
14304
14305
14314
14315
14323
14325
14326
14327
14328
14331
14336
14338
14340
14341
14342
14344
14347
14350
14352
14353
14354
14355
14357
14359
14361
14363
14365
14369
14374
14377
14382
14385
14388
14389
14390
14394
14395
14400
14404
14405
14407
14409
14413
14415
14419
14420
14421
14422
14430
14431
14432
14434
14435
14439
14440
14442
14447
14450
14455
14458
14462
14464
14467
14468
14474
14475
14478
14481
14482
14484
14487
14490
14497
14502
14504
14505
14514
14516
14523
14524
14526
14534
14535
14537
14538
14543
14544
14551
14553
14555
14559
14560
14561
14566
14568
14570
14574
14575
14580
14581
14583
14586
14587
14590
14591
14592
14593
14595
14596
14597
14598
14599
14600
14602
14607
14609
14610
14611
14615
14618
14621
14625
14628
14629
14630
14632
14634
14642
14646
14654
14656
14657
14658
14661
14667
14668
14673
14677
14683
14685
14694
14697
14704
14705
14706
14707
14708
14712
14713
14714
14716
14720
14721
14723
14724
14727
14728
14729
14731
14739
14740
14742
14744
14747
14749
14755
14758
14759
14763
14766
14767
14769
14773
14774
14775
14782
14787
14795
14796
14801
14806
14813
14815
14821
14822
14826
14827
14828
14830
14832
14834
14838
14842
14844
14848
14852
14854
14855
14857
14858
14861
14864
14865
14866
14867
14869
14870
14871
14872
14873
14876
14880
14888
14896
14897
14898
14901
14904
14907
14910
14912
14914
14919
14929
14934
14941
14944
14950
14951
14952
14954
14959
14964
14965
14966
14967
14971
14972
14973
14980
14981
14982
14983
14984
14985
14990
14992
14997
15000
15003
15005
15006
15008
15009
15012
15014
15020
15022
15023
15024
15027
15036
15038
15040
15041
15042
15043
15046
15051
15055
15056
15057
15060
15062
15065
15070
15073
15074
15075
15076
15078
15086
15089
15090
15093
15095
15096
15098
15100
15103
15108
15112
15115
15120
15121
15125
15129
15131
15134
15135
15137
15138
15140
15143
15150
15153
15154
15158
15162
15166
15168
15176
15180
15184
15187
15193
15195
15198
15215
15216
15217
15218
15221
15223
15226
15233
15234
15238
15239
15241
15243
15244
15248
15255
15258
15262
15268
15269
15270
15271
15274
15277
15282
15294
15302
15309
15310
15312
15320
15323
15327
15331
15334
15339
15344
15348
15355
15356
15357
15358
15361
15364
15366
15367
15370
15371
15377
15379
15380
15389
15394
15395
15398
15404
15406
15409
15410
15412
15416
15427
15434
15445
15449
15451
15452
15458
15460
15462
15470
15473
15475
15484
15485
15486
15489
15493
15494
15497
15498
15504
15505
15507
15510
15512
15513
15516
15517
15521
15523
15524
15526
15528
15531
15532
15534
15537
15538
15542
15550
15551
15553
15554
15562
15563
15566
15567
15569
15573
15577
15578
15581
15583
15584
15586
15588
15590
15595
15597
15599
15605
15612
15613
15614
15615
15616
15618
15619
15621
15622
15624
15629
15630
15642
15643
15646
15648
15661
15665
15671
15672
15674
15683
15691
15695
15696
15699
15701
15704
15705
15707
15708
15717
15721
15725
15732
15734
15735
15743
15745
15746
15749
15752
15757
15759
15760
15761
15762
15768
15769
15771
15774
15779
15780
15781
15784
15785
15786
15787
15790
15793
15796
15799
15800
15804
15806
15807
15810
15815
15816
15817
15818
15826
15829
15833
15838
15842
15843
15849
15852
15853
15857
15858
15861
15862
15863
15865
15868
15872
15873
15876
15879
15880
15881
15887
15888
15890
15893
15894
15897
15898
15899
15908
15910
15914
15916
15918
15920
15921
15923
15930
15931
15933
15934
15936
15939
15940
15946
15947
15951
15952
15960
15961
15962
15966
15970
15971
15977
15981
15982
15989
15993
15995
15997
16002
16003
16004
16008
16011
16012
16019
16025
16028
16036
16041
16043
16046
16047
16049
16050
16056
16058
16064
16065
16070
16071
16072
16074
16076
16081
16082
16089
16091
16097
16102
16103
16104
16107
16109
16112
16115
16116
16117
16118
16119
16120
16125
16126
16129
16132
16133
16135
16137
16139
16143
16144
16149
16152
16153
16155
16158
16159
16162
16164
16168
16169
16173
16176
16177
16180
16184
16186
16187
16189
16193
16197
16203
16213
16216
16217
16218
16235
16242
16245
16247
16250
16251
16254
16256
16257
16261
16279
16280
16281
16282
16284
16285
16290
16293
16296
16301
16304
16307
16311
16320
16321
16323
16326
16327
16328
16329
16331
16340
16349
16356
16358
16359
16366
16368
16371
16373
16380
16381
16383
16385
16390
16392
16395
16398
16401
16402
16403
16404
16407
16411
16414
16419
16421
16427
16432
16442
16450
16452
16453
16457
16461
16465
16468
16469
16476
16488
16490
16492
16493
16500
16502
16503
16506
16508
16515
16516
16517
16524
16527
16528
16529
16530
16533
16535
16538
16547
16548
16556
16561
16566
16567
16570
16573
16575
16578
16582
16591
16593
16597
16602
16603
16608
16613
16617
16624
16625
16627
16630
16631
16637
16640
16641
16649
16653
16656
16657
16658
16661
16664
16668
16669
16673
16674
16677
16680
16684
16696
16699
16708
16711
16712
16713
16714
16716
16718
16719
16720
16724
16725
16729
16730
16731
16739
16741
16748
16751
16754
16756
16772
16773
16776
16777
16779
16781
16782
16789
16791
16794
16795
16797
16800
16805
16812
16814
16815
16817
16821
16826
16833
16844
16846
16852
16860
16861
16872
16874
16878
16880
16881
16883
16886
16887
16892
16893
16900
16904
16912
16915
16916
16926
16932
16937
16938
16941
16943
16952
16955
16957
16960
16961
16962
16966
16968
16969
16972
16975
16979
16980
16982
16986
16990
16992
16994
16999
17001
17004
17005
17006
17011
17016
17018
17020
17023
17027
17028
17030
17040
17041
17043
17052
17058
17075
17079
17083
17084
17088
17089
17091
17092
17094
17098
17105
17108
17114
17118
17119
17126
17128
17129
17132
17133
17136
17140
17141
17147
17149
17151
17152
17156
17159
17163
17167
17170
17172
17178
17179
17180
17182
17183
17188
17190
17194
17198
17203
17206
17215
17216
17228
17237
17238
17239
17240
17241
17242
17243
17247
17251
17253
17261
17264
17286
17291
17294
17295
17308
17311
17315
17318
17320
17322
17329
17330
17332
17346
17348
17349
17350
17354
17365
17367
17369
17370
17373
17381
17386
17393
17398
17399
17400
17402
17403
17404
17410
17417
17418
17420
17422
17426
17440
17441
17442
17446
17447
17451
17456
17459
17463
17469
17471
17472
17477
17480
17486
17487
17488
17489
17490
17500
17513
17517
17518
17520
17521
17523
17528
17536
17538
17547
17548
17554
17555
17556
17557
17560
17561
17564
17566
17568
17569
17575
17580
17581
17587
17588
17595
17600
17605
17606
17615
17617
17618
17619
17624
17625
17626
17629
17631
17632
17633
17641
17649
17652
17659
17666
17669
17671
17672
17673
17674
17679
17682
17689
17691
17699
17700
17704
17708
17710
17711
17714
17720
17725
17726
17730
17733
17735
17737
17740
17744
17745
17746
17747
17749
17757
17761
17763
17766
17769
17772
17774
17775
17781
17783
17784
17786
17788
17791
17796
17808
17809
17810
17811
17815
17820
17830
17835
17836
17839
17840
17841
17843
17844
17850
17855
17863
17868
17870
17873
17875
17881
17889
17890
17902
17903
17905
17906
17909
17916
17918
17923
17924
17941
17942
17943
17947
17949
17950
17953
17958
17959
17962
17970
17975
17977
17978
17982
17991
17993
17995
17997
17998
18007
18011
18016
18019
18020
18029
18043
18044
18053
18054
18055
18056
18062
18064
18065
18072
18078
18083
18084
18092
18094
18097
18098
18101
18105
18106
18111
18112
18114
18115
18119
18121
18126
18133
18136
18137
18140
18143
18145
18148
18149
18152
18162
18164
18168
18169
18173
18178
18182
18183
18186
18187
18192
18195
18196
18197
18199
18200
18201
18204
18209
18210
18219
18220
18223
18224
18227
18229
18235
18238
18244
18248
18258
18261
18263
18264
18274
18279
18281
18282
18286
18290
18293
18297
18298
18301
18303
18307
18320
18322
18323
18327
18328
18337
18338
18345
18350
18358
18359
18360
18366
18369
18372
18374
18379
18380
18381
18382
18385
18386
18392
18394
18397
18401
18403
18405
18413
18414
18417
18418
18423
18427
18437
18442
18446
18448
18451
18456
18458
18470
18471
18476
18477
18478
18480
18481
18484
18486
18487
18506
18508
18509
18511
18512
18515
18516
18520
18527
18528
18532
18534
18536
18538
18540
18541
18543
18545
18548
18550
18560
18561
18569
18573
18574
18575
18577
18580
18582
18586
18587
18588
18591
18593
18595
18596
18598
18599
18602
18607
18610
18612
18614
18623
18627
18629
18632
18634
18647
18648
18651
18659
18660
18671
18674
18676
18680
18683
18686
18688
18689
18690
18691
18693
18701
18710
18715
18716
18719
18722
18725
18730
18731
18735
18738
18739
18740
18741
18742
18743
18745
18747
18753
18758
18770
18772
18773
18777
18781
18785
18788
18794
18798
18799
18800
18806
18808
18814
18816
18824
18825
18829
18835
18841
18843
18852
18856
18857
18858
18859
18866
18873
18877
18878
18879
18883
18884
18885
18888
18889
18892
18894
18895
18899
18902
18908
18912
18914
18915
18917
18924
18928
18929
18931
18932
18933
18945
18948
18950
18951
18952
18953
18954
18955
18962
18963
18965
18971
18979
18982
18983
18986
18987
18988
18991
18992
18994
18999
19000
19002
19003
19004
19019
19020
19021
19022
19023
19024
19026
19027
19032
19037
19040
19041
19043
19045
19047
19049
19050
19056
19060
19061
19064
19069
19071
19072
19075
19076
19077
19079
19083
19091
19094
19099
19106
19110
19111
19113
19115
19116
19120
19127
19128
19134
19141
19142
19144
19151
19153
19158
19160
19169
19170
19174
19179
19181
19182
19190
19191
19192
19194
19199
19201
19204
19216
19217
19219
19223
19224
19225
19228
19229
19236
19237
19240
19246
19249
19251
19252
19253
19256
19257
19259
19261
19262
19263
19266
19268
19270
19271
19275
19277
19279
19280
19281
19286
19287
19288
19302
19308
19309
19314
19316
19318
19327
19343
19351
19354
19358
19361
19365
19367
19369
19372
19373
19375
19380
19381
19382
19386
19391
19393
19394
19400
19402
19403
19407
19413
19424
19429
19435
19448
19449
19453
19458
19459
19463
19467
19475
19479
19482
19515
19527
19529
19534
19535
19537
19541
19555
19556
19563
19564
19570
19571
19574
19575
19576
19581
19583
19587
19590
19592
19595
19607
19610
19618
19620
19621
19626
19636
19639
19648
19651
19660
19663
19665
19669
19670
19684
19685
19690
19694
19696
19701
19702
19703
19704
19705
19707
19712
19715
19727
19728
19738
19742
19748
19750
19753
19755
19761
19762
19763
19769
19770
19779
19781
19785
19786
19787
19792
19795
19796
19800
19801
19804
19805
19807
19812
19818
19819
19820
19824
19827
19835
19838
19844
19853
19856
19859
19860
19861
19864
19875
19899
19900
19903
19907
19909
19917
19919
19926
19928
19929
19943
19944
19945
19950
19953
19954
19955
19965
19979
19982
19985
19991
20000
20001
20007
20009
20021
20022
20025
20027
20045
20052
20054
20056
20058
20064
20066
20069
20070
20076
20081
20082
20085
20088
20094
20095
20100
20102
20104
20115
20117
20118
20119
20121
20129
20132
20137
20141
20142
20147
20148
20149
20156
20161
20168
20171
20173
20174
20180
20190
20199
20210
20215
20220
20230
20232
20235
20236
20246
20249
20252
20257
20260
20264
20266
20267
20268
20269
20273
20277
20278
20284
20291
20298
20301
20302
20309
20311
20319
20333
20338
20342
20344
20351
20352
20354
20356
20358
20367
20370
20378
20386
20388
20392
20396
20399
20401
20406
20407
20420
20424
20429
20430
20435
20438
20443
20446
20450
20452
20453
20456
20457
20459
20471
20473
20474
20475
20476
20480
20483
20484
20490
20508
20509
20515
20522
20526
20528
20545
20547
20553
20560
20563
20569
20570
20574
20576
20577
20583
20593
20599
20600
20602
20603
20604
20607
20612
20636
20638
20640
20642
20643
20650
20652
20653
20660
20664
20669
20677
20679
20680
20685
20691
20694
20698
20705
20710
20714
20716
20723
20725
20728
20729
20733
20734
20735
20738
20741
20742
20743
20745
20751
20754
20756
20760
20762
20765
20773
20774
20777
20786
20807
20812
20817
20824
20834
20851
20852
20862
20865
20869
20871
20878
20880
20888
20892
20893
20894
20895
20900
20907
20908
20911
20917
20918
20919
20920
20924
20925
20945
20949
20952
20953
20956
20962
20963
20964
20966
20972
20973
20974
20976
20985
20987
20988
20993
21007
21023
21028
21030
21031
21038
21039
21043
21051
21064
21067
21084
21087
21092
21102
21108
21111
21113
21114
21117
21119
21126
21127
21133
21140
21145
21146
21147
21165
21171
21185
21192
21195
21197
21199
21204
21208
21209
21210
21211
21213
21229
21238
21245
21248
21250
21253
21261
21284
21286
21292
21293
21297
21311
21312
21316
21320
21342
21347
21351
21353
21355
21357
21366
21367
21373
21374
21385
21386
21394
21399
21405
21411
21412
21415
21417
21418
21423
21426
21428
21436
21439
21442
21446
21448
21451
21456
21458
21459
21462
21480
21482
21486
21495
21501
21506
21511
21518
21523
21526
21534
21537
21538
21544
21552
21555
21556
21558
21560
21563
21567
21580
21584
21605
21609
21615
21624
21625
21630
21638
21646
21660
21669
21670
21673
21676
21678
21684
21685
21688
21690
21709
21716
21722
21728
21729
21736
21737
21738
21739
21741
21748
21749
21761
21762
21764
21769
21775
21777
21786
21787
21790
21798
21803
21811
21813
21814
21819
21823
21826
21836
21844
21846
21849
21850
21854
21855
21861
21863
21865
21867
21874
21880
21881
21885
21886
21897
21904
21905
21908
21910
21911
21916
21921
21923
21938
21944
21952
21956
21960
21971
21975
21979
21982
21983
21997
22000
22001
22009
22015
22019
22021
22022
22024
22027
22032
22036
22042
22045
22049
22051
22054
22056
22058
22059
22060
22062
22064
22077
22083
22091
22099
22103
22104
22106
22108
22109
22124
22127
22129
22130
22135
22138
22144
22147
22149
22150
22151
22166
22169
22179
22181
22183
22184
22185
22191
22194
22197
22206
22208
22211
22221
22224
22234
22237
22238
22239
22253
22254
22257
22267
22271
22274
22287
22288
22299
22302
22305
22318
22321
22327
22328
22341
22347
22351
22361
22362
22370
22381
22391
22393
22394
22400
22411
22417
22421
22423
22428
22429
22434
22442
22443
22445
22446
22448
22458
22463
22486
22487
22503
22504
22512
22522
22524
22534
22535
22551
22553
22554
22561
22566
22574
22604
22609
22621
22624
22637
22639
22640
22642
22666
22671
22674
22688
22691
22692
22694
22701
22710
22711
22731
22736
22737
22739
22741
22746
22753
22756
22757
22765
22768
22769
22773
22774
22777
22785
22789
22791
22792
22797
22799
22807
22815
22817
22819
22832
22834
22835
22841
22842
22851
22864
22868
22873
22880
22882
22894
22900
22921
22934
22949
22952
22954
22960
22970
22978
22985
22987
23028
23029
23036
23044
23059
23065
23067
23075
23078
23085
23107
23117
23125
23133
23134
23141
23144
23145
23149
23152
23170
23172
23184
23185
23186
23190
23192
23193
23194
23198
23228
23233
23238
23239
23248
23254
23255
23256
23259
23285
23291
23307
23322
23331
23339
23350
23353
23361
23367
23382
23395
23396
23400
23408
23410
23417
23418
23420
23430
23431
23434
23443
23444
23445
23448
23456
23474
23478
23485
23493
23506
23520
23525
23526
23542
23544
23548
23554
23569
23572
23574
23586
23590
23600
23601
23612
23619
23628
23640
23647
23651
23652
23654
23655
23677
23679
23690
23694
23697
23702
23706
23708
23723
23729
23739
23754
23768
23769
23772
23780
23783
23785
23792
23798
23801
23812
23813
23814
23818
23832
23836
23840
23846
23855
23872
23874
23880
23882
23896
23897
23907
23912
23935
23942
23959
23971
24009
24012
24017
24021
24038
24059
24064
24099
24107
24116
24118
24133
24137
24140
24151
24165
24168
24172
24203
24209
24213
24216
24218
24223
24226
24228
24254
24262
24264
24290
24300
24306
24319
24332
24334
24338
24341
24347
24349
24360
24368
24369
24373
24375
24378
24395
24407
24413
24414
24415
24422
24429
24437
24442
24448
24450
24452
24458
24472
24474
24475
24481
24497
24498
24500
24508
24509
24516
24517
24520
24523
24528
24534
24537
24550
24559
24562
24580
24585
24591
24618
24628
24632
24635
24641
24657
24674
24676
24680
24681
24683
24689
24690
24693
24694
24695
24696
24715
24716
24717
24718
24720
24727
24740
24742
24754
24757
24761
24763
24769
24771
24774
24780
24794
24806
24811
24812
24816
24832
24839
24848
24874
24884
24890
24894
24909
24916
24926
24931
24936
24942
24945
24952
24965
24974
24977
24980
24987
24991
24992
24996
25004
25011
25018
25022
25035
25060
25074
25095
25100
25102
25106
25112
25119
25135
25138
25143
25147
25149
25153
25159
25174
25178
25212
25221
25222
25230
25235
25245
25251
25274
25283
25290
25291
25295
25297
25309
25312
25317
25329
25336
25338
25364
25372
25377
25386
25391
25400
25405
25407
25416
25418
25430
25433
25447
25467
25486
25496
25498
25511
25531
25533
25534
25540
25543
25559
25564
25565
25589
25616
25618
25627
25634
25639
25664
25674
25683
25688
25717
25721
25724
25730
25742
25761
25792
25794
25802
25805
25810
25821
25826
25828
25834
25835
25858
25869
25892
25897
25898
25904
25913
25951
25959
25967
25977
25993
25996
25998
26001
26005
26008
26013
26014
26016
26030
26037
26042
26048
26055
26065
26071
26080
26085
26089
26091
26097
26100
26104
26105
26110
26115
26120
26142
26163
26174
26187
26189
26208
26213
26245
26246
26258
26263
26264
26268
26274
26279
26294
26297
26304
26305
26306
26309
26316
26318
26322
26327
26344
26345
26363
26376
26379
26389
26390
26403
26405
26407
26416
26419
26434
26440
26441
26444
26448
26454
26458
26459
26481
26483
26486
26492
26494
26495
26496
26498
26499
26504
26505
26507
26510
26512
26665
26667
26669
26676
26691
26707
26720
26721
26723
26725
26726
26730
26732
26741
26751
26763
26764
26767
26775
26812
26833
26834
26845
26849
26866
26904
26909
26911
26928
26933
26946
26960
26965
26971
26972
26982
26987
26988
26995
27000
27029
27036
27048
27058
27073
27083
27085
27090
27106
27107
27109
27112
27115
27121
27137
27142
27144
27151
27153
27161
27179
27198
27211
27225
27226
27228
27245
27248
27255
27276
27287
27298
27301
27315
27346
27348
27353
27359
27370
27377
27383
27402
27404
27405
27410
27413
27414
27425
27431
27439
27456
27472
27479
27488
27491
27530
27562
27564
27566
27580
27617
27624
27640
27660
27681
27688
27704
27714
27715
27728
27733
27764
27765
27772
27788
27794
27807
27811
27845
27848
27866
27874
27880
27890
27897
27910
27915
27918
27919
27935
27954
27963
27988
27999
28002
28003
28029
28035
28064
28071
28084
28103
28108
28122
28156
28158
28163
28199
28221
28251
28255
28260
28261
28263
28282
28290
28291
28301
28312
28332
28369
28381
28386
28396
28405
28447
28453
28465
28492
28509
28518
28525
28557
28574
28576
28582
28616
28624
28661
28665
28667
28678
28692
28702
28719
28737
28739
28742
28750
28755
28756
28774
28780
28788
28795
28811
28820
28824
28850
28857
28865
28867
28876
28891
28909
28915
28922
28935
28952
28967
28969
28975
28991
28998
28999
29000
29010
29028
29043
29046
29057
29060
29066
29070
29075
29089
29110
29118
29119
29125
29141
29142
29151
29153
29155
29173
29176
29179
29198
29202
29210
29214
29228
29229
29273
29278
29294
29296
29297
29299
29303
29313
29334
29336
29340
29345
29348
29350
29353
29357
29378
29388
29398
29405
29455
29462
29480
29484
29485
29492
29507
29523
29541
29545
29551
29572
29579
29590
29592
29604
29625
29626
29629
29637
29674
29677
29689
29698
29711
29732
29734
29751
29755
29763
29766
29777
29781
29804
29807
29831
29833
29837
29838
29868
29896
29900
29909
29936
29937
29941
29975
29981
29998
30007
30025
30034
30043
30047
30054
30062
30065
30075
30084
30094
30097
30099
30101
30117
30118
30132
30175
30188
30217
30226
30251
30253
30263
30267
30278
30279
30285
30291
30308
30314
30321
30334
30339
30349
30392
30396
30398
30404
30497
30516
30525
30529
30544
30550
30554
30558
30570
30573
30576
30586
30587
30623
30630
30645
30659
30676
30678
30693
30699
30703
30714
30718
30728
30736
30740
30749
30759
30774
30778
30783
30789
30799
30818
30819
30824
30830
30836
30839
30844
30846
30851
30853
30863
30872
30880
30882
30886
30897
30900
30906
30907
30922
30925
30927
30938
30952
30955
30956
30969
30976
30979
30982
30985
30995
31004
31007
31017
31026
31037
31045
31047
31051
31072
31091
31093
31097
31104
31119
31121
31142
31160
31161
31163
31193
31195
31196
31211
31216
31231
31234
31246
31250
31264
31270
31278
31286
31288
31292
31309
31316
31322
31328
31354
31356
31358
31361
31364
31373
31375
31378
31389
31401
31402
31406
31436
31454
31455
31460
31475
31485
31499
31505
31522
31524
31530
31531
31534
31541
31569
31574
31586
31602
31611
31616
31627
31628
31645
31648
31652
31655
31662
31666
31682
31693
31705
31707
31708
31712
31720
31724
31725
31728
31729
31736
31739
31745
31750
31752
31754
31756
31767
31771
31772
31778
31787
31794
31797
31811
31818
31820
31825
31842
31845
31855
31857
31863
31879
31883
31896
31897
31900
31901
31910
31911
31912
31919
31941
31944
31947
31949
31958
31959
31960
31963
31964
31974
31978
31980
31993
32011
32012
32014
32024
32025
32028
32034
32043
32049
32053
32059
32068
32089
32092
32095
32097
32103
32113
32124
32125
32135
32145
32147
32148
32155
32160
32162
32166
32172
32174
32184
32199
32208
32213
32214
32216
32218
32224
32228
32234
32236
32238
32239
32252
32261
32263
32267
32274
32279
32280
32284
32292
32299
32305
32308
32310
32314
32316
32320
32322
32333
32336
32339
32357
32358
32360
32365
32366
32372
32373
32379
32381
32389
32392
32399
32400
32409
32416
32417
32419
32424
32426
32428
32431
32435
32442
32458
32462
32474
32481
32484
32496
32500
32504
32506
32510
32516
32538
32543
32548
32561
32564
32565
32575
32582
32591
32609
32613
32622
32626
32627
32639
32641
32643
32646
32648
32660
32672
32676
32683
32684
32686
32693
32697
32701
32709
32710
32711
32712
32729
32735
32736
32746
32751
32752
32754
32760
32764
32773
32781
32789
32791
32796
32803
32807
32834
32839
32840
32848
32851
32857
32870
32887
32890
32893
32895
32900
32921
32923
32931
32939
32940
32960
32966
32975
32981
32983
32984
32995
32997
33006
33008
33013
33014
33021
33022
33027
33028
33029
33033
33036
33042
33053
33054
33059
33063
33079
33081
33082
33083
33085
33100
33103
33104
33112
33115
33118
33147
33150
33152
33164
33165
33172
33174
33179
33181
33183
33190
33191
33195
33197
33203
33212
33213
33216
33220
33227
33231
33241
33249
33251
33252
33260
33270
33282
33286
33288
33297
33301
33308
33313
33330
33344
33355
33357
33359
33361
33362
33364
33366
33369
33376
33380
33381
33387
33392
33394
33401
33404
33406
33410
33411
33412
33413
33417
33423
33427
33436
33437
33449
33450
33451
33454
33462
33470
33506
33507
33510
33512
33515
33522
33529
33538
33548
33550
33557
33558
33560
33563
33565
33568
33570
33578
33582
33604
33606
33615
33616
33625
33629
33630
33663
33665
33695
33697
33698
33700
33705
33712
33720
33721
33724
33727
33732
33747
33753
33755
33759
33765
33767
33774
33775
33794
33803
33805
33807
33813
33823
33824
33829
33843
33853
33859
33865
33883
33885
33887
33888
33892
33894
33897
33909
33910
33913
33925
33935
33937
33941
33960
33966
33971
33972
33979
33998
34000
34002
34003
34006
34014
34018
34027
34036
34038
34054
34055
34057
34061
34064
34066
34072
34081
34085
34100
34101
34102
34103
34111
34112
34116
34118
34126
34129
34130
34131
34132
34134
34161
34179
34183
34186
34189
34191
34192
34194
34199
34200
34204
34224
34227
34230
34235
34237
34250
34251
34262
34271
34275
34280
34293
34294
34302
34303
34312
34317
34323
34324
34335
34336
34337
34344
34355
34358
34362
34366
34367
34371
34379
34384
34385
34394
34405
34407
34409
34413
34417
34420
34424
34426
34428
34434
34436
34437
34441
34446
34453
34460
34464
34469
34472
34474
34475
34480
34491
34492
34497
34501
34510
34513
34516
34519
34523
34524
34525
34527
34544
34545
34550
34555
34556
34557
34561
34566
34574
34582
34591
34602
34609
34619
34624
34626
34632
34639
34644
34650
34653
34654
34657
34658
34660
34662
34663
34666
34670
34679
34683
34687
34691
34692
34702
34705
34707
34709
34712
34717
34720
34722
34732
34747
34748
34755
34760
34761
34763
34765
34770
34774
34782
34785
34787
34790
34794
34795
34804
34805
34806
34820
34832
34837
34848
34853
34860
34862
34864
34871
34879
34891
34894
34896
34898
34903
34906
34907
34915
34919
34925
34934
34949
34952
34953
34958
34959
34965
34966
34975
34978
34989
35002
35005
35007
35009
35015
35022
35024
35027
35036
35045
35059
35062
35063
35066
35071
35086
35096
35099
35100
35117
35118
35123
35130
35133
35134
35136
35137
35148
35159
35165
35166
35171
35174
35176
35183
35187
35205
35207
35217
35219
35238
35240
35247
35251
35259
35262
35263
35266
35271
35280
35291
35294
35300
35302
35311
35323
35324
35329
35335
35340
35343
35348
35349
35354
35359
35376
35381
35382
35385
35391
35396
35398
35399
35402
35409
35414
35420
35421
35430
35433
35435
35440
35443
35464
35466
35484
35485
35486
35487
35492
35493
35496
35497
35498
35506
35512
35516
35530
35532
35540
35541
35543
35547
35549
35559
35560
35563
35573
35577
35583
35584
35591
35594
35600
35603
35605
35616
35626
35629
35631
35632
35638
35650
35651
35653
35657
35664
35665
35666
35667
35672
35679
35682
35693
35697
35699
35702
35705
35712
35718
35720
35733
35736
35738
35741
35742
35747
35757
35760
35763
35764
35768
35770
35771
35783
35785
35792
35794
35806
35808
35810
35815
35819
35831
35833
35841
35850
35857
35858
35869
35879
35880
35885
35891
35893
35894
35902
35905
35913
35921
35922
35923
35938
35940
35942
35950
35954
35957
35970
35982
35985
35990
35995
36015
36020
36025
36033
36038
36042
36047
36051
36054
36056
36063
36066
36070
36076
36077
36080
36081
36084
36087
36091
36092
36095
36097
36099
36101
36105
36107
36109
36111
36119
36120
36134
36137
36139
36160
36161
36163
36175
36177
36180
36183
36194
36200
36204
36206
36211
36213
36220
36222
36228
36229
36230
36231
36232
36237
36241
36247
36251
36255
36256
36257
36261
36262
36264
36265
36268
36270
36279
36281
36282
36283
36299
36312
36315
36316
36320
36321
36324
36325
36332
36333
36337
36343
36345
36347
36348
36353
36357
36359
36362
36365
36371
36374
36376
36378
36379
36385
36392
36395
36397
36401
36402
36403
36405
36410
36411
36415
36420
36424
36430
36431
36433
36434
36436
36437
36440
36441
36445
36448
36451
36454
36465
36466
36467
36471
36474
36475
36478
36482
36483
36484
36485
36486
36490
36496
36497
36499
36507
36510
36513
36514
36515
36518
36522
36524
36525
36532
36533
36539
36541
36543
36544
36554
36558
36562
36564
36565
36566
36570
36572
36577
36578
36580
36582
36583
36587
36590
36596
36598
36599
36609
36613
36626
36628
36629
36630
36634
36639
36641
36645
36649
36652
36655
36656
36665
36666
36668
36669
36675
36676
36689
36691
36692
36693
36694
36699
36701
36707
36709
36710
36712
36713
36719
36721
36725
36727
36730
36739
36740
36742
36744
36747
36748
36753
36755
36759
36766
36768
36769
36773
36777
36778
36782
36783
36791
36792
36793
36796
36797
36800
36811
36812
36814
36819
36820
36822
36826
36830
36831
36834
36836
36839
36841
36845
36848
36849
36861
36867
36872
36879
36880
36883
36893
36899
36901
36902
36912
36914
36922
36934
36935
36936
36940
36941
36951
36965
36966
36968
36969
36972
36973
36974
36975
36976
36980
36986
36988
36993
36998
37007
37010
37014
37016
37017
37019
37023
37024
37029
37031
37042
37043
37044
37048
37051
37055
37058
37060
37061
37069
37070
37071
37074
37075
37076
37082
37084
37085
37087
37099
37107
37114
37118
37119
37121
37122
37124
37126
37129
37131
37132
37133
37135
37140
37143
37144
37150
37153
37156
37159
37160
37164
37166
37167
37168
37172
37174
37175
37179
37186
37191
37194
37195
37197
37201
37204
37217
37224
37226
37227
37229
37231
37237
37239
37243
37246
37250
37261
37264
37266
37267
37279
37285
37287
37291
37292
37293
37301
37302
37305
37307
37308
37309
37310
37316
37319
37321
37331
37340
37341
37342
37357
37358
37361
37362
37369
37372
37376
37380
37383
37387
37397
37400
37403
37404
37406
37407
37410
37411
37414
37415
37421
37424
37428
37431
37439
37444
37455
37456
37460
37462
37463
37465
37466
37467
37470
37479
37483
37498
37500
37503
37507
37508
37511
37513
37514
37516
37518
37521
37527
37529
37535
37540
37541
37542
37553
37554
37555
37560
37561
37563
37578
37581
37585
37586
37593
37596
37597
37598
37600
37603
37606
37610
37614
37616
37619
37622
37624
37625
37630
37635
37638
37640
37642
37647
37651
37652
37655
37665
37668
37671
37672
37679
37680
37681
37683
37684
37687
37694
37697
37700
37704
37713
37721
37722
37723
37724
37726
37727
37731
37732
37736
37737
37738
37758
37765
37769
37776
37777
37778
37781
37783
37788
37797
37801
37805
37811
37817
37822
37823
37835
37838
37851
37852
37854
37856
37857
37861
37865
37866
37867
37868
37869
37870
37876
37877
37879
37886
37888
37890
37892
37900
37904
37917
37918
37920
37926
37928
37932
37938
37941
37946
37953
37955
37958
37964
37967
37969
37971
37974
37981
37986
37987
37992
37993
37994
38000
38001
38003
38007
38010
38011
38012
38019
38024
38027
38031
38037
38038
38040
38047
38052
38053
38057
38058
38059
38061
38070
38075
38082
38089
38097
38106
38112
38114
38115
38120
38127
38129
38134
38137
38141
38142
38144
38146
38148
38151
38153
38156
38157
38162
38167
38168
38175
38182
38184
38185
38193
38206
38220
38224
38235
38240
38243
38244
38251
38256
38257
38260
38279
38280
38289
38291
38295
38299
38300
38305
38309
38311
38320
38322
38324
38325
38334
38336
38339
38341
38345
38354
38355
38359
38364
38368
38372
38378
38382
38383
38384
38388
38390
38392
38393
38394
38400
38407
38410
38416
38423
38427
38432
38452
38466
38468
38470
38471
38472
38484
38492
38494
38496
38498
38502
38503
38505
38507
38508
38510
38513
38516
38519
38521
38524
38529
38531
38533
38538
38540
38542
38543
38556
38559
38560
38566
38568
38572
38574
38575
38578
38581
38582
38589
38591
38594
38605
38606
38610
38611
38612
38613
38616
38622
38628
38637
38638
38646
38648
38654
38661
38662
38663
38664
38665
38670
38672
38678
38679
38685
38687
38700
38705
38708
38718
38719
38723
38724
38728
38735
38745
38746
38751
38752
38754
38760
38769
38771
38773
38778
38785
38788
38791
38798
38800
38807
38808
38809
38811
38814
38821
38823
38826
38836
38840
38841
38855
38857
38858
38860
38861
38866
38867
38875
38885
38894
38897
38903
38908
38919
38922
38924
38926
38931
38936
38941
38945
38946
38948
38949
38950
38957
38962
38964
38965
38966
38967
38972
38976
38980
38981
38982
38985
38998
39005
39009
39021
39029
39033
39034
39036
39039
39045
39048
39050
39052
39057
39068
39072
39073
39081
39083
39084
39089
39094
39102
39105
39108
39117
39119
39123
39130
39133
39146
39148
39151
39152
39155
39160
39162
39163
39167
39171
39172
39176
39180
39181
39183
39186
39188
39189
39193
39194
39198
39202
39203
39213
39216
39218
39221
39223
39227
39228
39231
39236
39245
39250
39255
39263
39264
39267
39271
39274
39275
39279
39284
39287
39288
39293
39300
39301
39303
39306
39307
39308
39310
39315
39318
39319
39322
39324
39327
39328
39333
39340
39342
39343
39344
39347
39349
39351
39354
39355
39357
39359
39361
39362
39366
39367
39369
39371
39379
39388
39392
39405
39410
39414
39415
39419
39420
39422
39423
39429
39432
39435
39437
39446
39456
39459
39460
39469
39470
39472
39479
39480
39484
39498
39500
39501
39502
39503
39505
39510
39516
39521
39522
39528
39532
39537
39538
39539
39542
39544
39545
39547
39548
39550
39553
39554
39556
39559
39564
39566
39569
39572
39574
39580
39584
39588
39589
39591
39594
39599
39600
39603
39607
39608
39613
39620
39623
39624
39626
39627
39630
39636
39638
39643
39649
39651
39653
39654
39658
39659
39662
39664
39669
39671
39672
39673
39675
39681
39686
39690
39691
39693
39695
39696
39698
39701
39702
39709
39710
39712
39714
39716
39724
39726
39728
39729
39730
39734
39737
39738
39741
39747
39754
39755
39756
39760
39762
39765
39766
39768
39771
39772
39774
39778
39782
39793
39794
39796
39798
39799
39800
39801
39809
39814
39818
39819
39823
39825
39828
39832
39834
39835
39840
39842
39843
39844
39845
39846
39847
39852
39854
39856
39858
39859
39863
39864
39866
39872
39873
39874
39875
39882
39886
39888
39889
39893
39895
39901
39903
39904
39906
39909
39910
39912
39916
39917
39921
39922
39923
39926
39927
39929
39931
39935
39940
39944
39945
39946
39948
39955
39956
39958
39961
39962
39963
39967
39973
39974
39977
39978
39985
39991
39994
39998
39999
40007
40013
40015
40019
40021
40029
40030
40031
40032
40033
40037
40038
40041
40042
40046
40047
40050
40052
40055
40060
40061
40063
40070
40081
40083
40087
40088
40090
40097
40099
40109
40111
40112
40115
40121
40124
40125
40129
40141
40145
40146
40154
40166
40170
40174
40175
40178
40184
40186
40191
40199
40201
40204
40206
40215
40219
40220
40230
40231
40232
40240
40244
40248
40250
40257
40274
40278
40279
40281
40282
40283
40285
40286
40288
40290
40293
40300
40302
40303
40309
40310
40312
40313
40316
40327
40328
40329
40330
40336
40337
40339
40342
40345
40347
40353
40354
40364
40368
40372
40377
40385
40387
40389
40394
40397
40398
40405
40409
40415
40425
40432
40434
40438
40439
40442
40444
40446
40455
40456
40459
40462
40465
40468
40470
40472
40473
40474
40475
40478
40482
40485
40490
40492
40498
40505
40513
40516
40519
40521
40528
40530
40532
40536
40538
40543
40546
40548
40551
40552
40554
40558
40562
40563
40568
40569
40570
40571
40572
40574
40577
40578
40580
40581
40587
40588
40589
40592
40595
40598
40599
40602
40606
40615
40616
40623
40628
40629
40636
40637
40638
40639
40640
40641
40645
40651
40653
40654
40659
40666
40667
40670
40675
40678
40684
40690
40697
40704
40705
40708
40729
40736
40738
40740
40741
40743
40744
40746
40747
40748
40752
40753
40754
40755
40757
40761
40762
40764
40766
40767
40769
40773
40774
40776
40780
40781
40782
40784
40785
40787
40788
40791
40797
40802
40803
40805
40806
40807
40811
40812
40813
40814
40819
40822
40825
40831
40832
40833
40835
40837
40839
40840
40841
40843
40844
40846
40848
40849
40856
40858
40862
40863
40867
40868
40870
40873
40876
40877
40879
40882
40884
40885
40888
40891
40893
40894
40899
40903
40905
40908
40915
40917
40920
40922
40925
40926
40932
40935
40937
40944
40956
40957
40963
40964
40966
40971
40974
40975
40980
40983
40985
40986
40989
40991
40992
40999
41003
41004
41005
41007
41011
41014
41015
41025
41031
41033
41036
41037
41040
41042
41043
41047
41054
41056
41057
41063
41065
41067
41068
41069
41070
41071
41072
41074
41084
41087
41092
41093
41098
41099
41106
41108
41112
41115
41116
41117
41119
41120
41123
41124
41128
41129
41133
41143
41148
41150
41152
41154
41156
41158
41160
41162
41164
41166
41169
41170
41171
41173
41175
41176
41177
41178
41179
41180
41181
41182
41183
41184
41185
41186
41187
41189
41191
41193
41198
41202
41204
41208
41210
41211
41212
41216
41220
41221
41224
41225
41227
41229
41231
41234
41238
41243
41244
41246
41248
41250
41251
41252
41253
41254
41256
41258
41260
41261
41264
41265
41267
41270
41272
41273
41274
41275
41276
41278
41283
41286
41287
41292
41294
41295
41296
41297
41298
41299
41300
41301
41306
41311
41312
41314
41315
41316
41318
41320
41322
41323
41324
41326
41327
41328
41330
41332
41338
41340
41343
41344
41345
41346
41353
41354
41357
41360
41364
41365
41368
41369
41374
41375
41376
41378
41379
41380
41384
41388
41390
41392
41393
41398
41401
41402
41403
41406
41411
41413
41414
41415
41429
41430
41432
41442
41443
41450
41452
41454
41455
41462
41467
41471
41473
41476
41477
41478
41481
41484
41489
41490
41491
41492
41493
41496
41499
41501
41505
41506
41508
41511
41512
41515
41517
41526
41527
41531
41534
41537
41538
41539
41542
41547
41550
41551
41554
41557
41560
41561
41565
41571
41574
41578
41581
41582
41587
41588
41589
41592
41593
41594
41596
41602
41605
41607
41610
41611
41612
41618
41619
41621
41629
41633
41634
41637
41639
41647
41648
41649
41652
41655
41659
41660
41663
41664
41665
41666
41667
41673
41674
41675
41676
41677
41682
41686
41687
41688
41689
41693
41704
41705
41707
41715
41716
41718
41721
41725
41734
41735
41736
41739
41743
41744
41746
41750
41751
41753
41755
41757
41762
41769
41770
41772
41780
41787
41792
41795
41797
41798
41799
41800
41801
41802
41805
41808
41809
41814
41820
41825
41828
41830
41831
41833
41835
41837
41839
41842
41848
41849
41853
41861
41865
41871
41882
41885
41888
41906
41911
41912
41915
41916
41919
41929
41931
41932
41934
41939
41941
41945
41946
41948
41950
41954
41958
41960
41961
41962
41964
41965
41969
41971
41972
41976
41977
41980
41982
41983
41984
41986
42004
42005
42008
42012
42016
42017
42023
42024
42029
42030
42033
42034
42037
42039
42043
42044
42047
42049
42056
42061
42062
42063
42065
42067
42070
42073
42075
42076
42077
42079
42080
42084
42086
42089
42091
42095
42098
42099
42100
42112
42113
42129
42137
42145
42160
42163
42165
42167
42171
42178
42182
42185
42187
42192
42196
42200
42201
42202
42204
42206
42210
42213
42214
42215
42216
42221
42222
42235
42241
42256
42257
42261
42264
42266
42268
42271
42275
42280
42282
42288
42291
42293
42294
42296
42298
42300
42301
42302
42303
42304
42309
42314
42316
42320
42322
42327
42328
42334
42337
42338
42339
42343
42363
42365
42373
42381
42384
42387
42390
42392
42395
42404
42405
42415
42419
42421
42426
42428
42431
42432
42433
42435
42437
42443
42448
42458
42477
42482
42483
42489
42493
42494
42497
42500
42503
42504
42506
42512
42514
42528
42532
42534
42537
42538
42540
42563
42565
42567
42568
42570
42571
42573
42575
42580
42586
42589
42604
42605
42611
42612
42613
42618
42619
42624
42625
42626
42628
42629
42633
42636
42637
42638
42643
42646
42653
42665
42666
42672
42679
42681
42688
42689
42694
42696
42697
42698
42702
42706
42707
42721
42722
42724
42731
42736
42741
42742
42746
42750
42751
42755
42758
42763
42764
42771
42775
42777
42782
42785
42789
42793
42794
42799
42800
42801
42803
42805
42806
42811
42816
42817
42821
42824
42825
42830
42831
42832
42833
42835
42840
42841
42846
42847
42849
42850
42853
42854
42859
42864
42872
42873
42875
42879
42880
42884
42885
42888
42889
42893
42894
42895
42897
42901
42907
42911
42913
42922
42927
42929
42932
42933
42945
42949
42950
42951
42952
42957
42960
42961
42965
42966
42967
42971
42986
42988
42991
43004
43006
43008
43010
43011
43012
43014
43016
43022
43023
43024
43030
43032
43040
43042
43043
43047
43055
43056
43062
43063
43066
43069
43070
43072
43073
43074
43076
43079
43080
43086
43087
43088
43089
43097
43104
43114
43123
43124
43127
43133
43140
43141
43147
43162
43167
43171
43173
43174
43178
43179
43182
43196
43197
43201
43206
43209
43211
43212
43213
43217
43218
43226
43227
43233
43235
43238
43239
43246
43249
43260
43263
43270
43279
43280
43285
43298
43300
43301
43302
43304
43307
43310
43312
43320
43322
43332
43333
43340
43341
43347
43348
43352
43353
43355
43359
43361
43368
43377
43382
43383
43384
43385
43389
43391
43392
43395
43409
43418
43423
43426
43427
43437
43444
43445
43446
43449
43466
43470
43471
43475
43479
43487
43491
43492
43498
43500
43508
43520
43521
43527
43530
43531
43533
43535
43536
43539
43540
43543
43545
43546
43561
43566
43567
43587
43589
43593
43596
43606
43613
43616
43618
43621
43627
43630
43637
43639
43640
43646
43647
43648
43654
43655
43656
43662
43664
43668
43669
43670
43671
43674
43675
43681
43683
43684
43689
43705
43707
43708
43709
43710
43712
43713
43715
43718
43719
43720
43724
43726
43727
43729
43735
43741
43744
43750
43755
43756
43758
43761
43763
43767
43770
43771
43776
43790
43792
43798
43803
43804
43812
43814
43815
43818
43819
43825
43826
43831
43838
43846
43847
43857
43860
43862
43864
43877
43878
43879
43880
43883
43895
43904
43905
43909
43910
43911
43913
43919
43923
43924
43925
43926
43932
43939
43941
43943
43949
43961
43964
43968
43969
43970
43972
43974
43979
43981
43982
43986
43988
43994
43996
44000
44001
44004
44007
44012
44018
44019
44020
44028
44029
44031
44032
44033
44042
44043
44049
44051
44053
44054
44059
44060
44065
44076
44082
44084
44086
44090
44091
44093
44094
44097
44098
44099
44102
44104
44106
44107
44111
44113
44118
44120
44122
44124
44125
44128
44129
44130
44131
44139
44141
44143
44145
44147
44148
44150
44151
44154
44157
44160
44161
44162
44165
44166
44170
44172
44174
44186
44195
44197
44199
44203
44204
44213
44217
44221
44224
44226
44228
44229
44233
44234
44239
44241
44243
44250
44251
44254
44256
44262
44275
44278
44289
44293
44297
44300
44309
44312
44314
44315
44324
44328
44330
44333
44336
44337
44348
44357
44358
44359
44360
44362
44366
44368
44371
44372
44377
44379
44380
44384
44387
44390
44392
44396
44400
44401
44405
44409
44410
44411
44413
44415
44421
44426
44431
44432
44433
44434
44435
44436
44437
44438
44444
44445
44446
44454
44455
44456
44457
44460
44463
44470
44472
44473
44475
44477
44478
44480
44484
44485
44491
44493
44496
44499
44508
44509
44517
44530
44533
44534
44535
44539
44541
44545
44557
44559
44566
44568
44569
44570
44574
44576
44578
44581
44587
44588
44592
44593
44595
44597
44598
44602
44610
44621
44631
44632
44634
44637
44639
44643
44650
44654
44655
44657
44664
44666
44669
44670
44671
44684
44686
44693
44697
44700
44703
44705
44707
44708
44709
44710
44712
44713
44714
44716
44720
44721
44722
44729
44741
44744
44745
44746
44747
44750
44753
44755
44756
44761
44763
44764
44767
44770
44771
44775
44776
44777
44778
44781
44783
44784
44788
44795
44797
44801
44802
44805
44807
44810
44812
44813
44814
44815
44818
44820
44822
44823
44825
44826
44829
44831
44833
44837
44838
44847
44850
44853
44854
44857
44858
44868
44873
44874
44876
44879
44882
44884
44885
44890
44891
44896
44899
44901
44902
44903
44909
44911
44915
44919
44923
44926
44930
44933
44939
44941
44944
44950
44951
44955
44959
44962
44964
44965
44967
44976
44977
44978
44980
44981
44983
44986
44991
44992
44995
44997
44999
45005
45007
45015
45017
45019
45021
45023
45027
45048
45052
45053
45055
45060
45064
45066
45076
45077
45080
45081
45095
45100
45101
45102
45108
45110
45111
45114
45116
45118
45124
45130
45131
45138
45139
45143
45147
45155
45156
45157
45162
45163
45164
45165
45166
45170
45185
45187
45188
45190
45191
45194
45197
45198
45206
45210
45215
45220
45221
45222
45224
45230
45233
45235
45236
45238
45240
45245
45246
45261
45274
45284
45287
45289
45290
45300
45304
45313
45314
45316
45323
45329
45330
45333
45334
45336
45338
45343
45349
45352
45360
45361
45362
45368
45369
45375
45378
45389
45390
45394
45397
45400
45409
45411
45412
45413
45419
45424
45425
45432
45438
45439
45444
45456
45458
45461
45463
45474
45476
45479
45485
45487
45492
45498
45501
45502
45503
45507
45508
45513
45524
45529
45536
45538
45539
45548
45549
45552
45556
45566
45567
45568
45569
45576
45578
45579
45582
45583
45586
45589
45590
45591
45598
45609
45626
45627
45630
45631
45632
45640
45649
45654
45655
45656
45661
45662
45674
45675
45686
45692
45696
45698
45700
45703
45707
45709
45711
45712
45714
45715
45716
45720
45721
45727
45731
45737
45738
45739
45741
45743
45744
45754
45763
45765
45766
45768
45771
45772
45774
45781
45784
45786
45791
45796
45799
45804
45808
45813
45815
45818
45819
45822
45826
45833
45837
45842
45844
45845
45849
45851
45852
45853
45856
45857
45859
45865
45868
45870
45872
45873
45874
45876
45877
45880
45885
45888
45891
45892
45900
45901
45902
45905
45908
45911
45914
45915
45916
45919
45927
45928
45929
45932
45938
45939
45942
45943
45949
45964
45965
45966
45978
45982
45985
45986
45988
45993
45995
45996
46000
46002
46006
46015
46018
46024
46029
46030
46032
46033
46036
46039
46041
46044
46051
46052
46054
46057
46059
46060
46063
46065
46066
46067
46071
46075
46076
46080
46083
46085
46091
46092
46093
46095
46097
46098
46099
46109
46116
46118
46120
46122
46127
46128
46129
46130
46131
46133
46135
46137
46145
46147
46149
46152
46154
46162
46166
46171
46177
46178
46180
46181
46185
46187
46189
46190
46191
46198
46199
46206
46211
46213
46214
46216
46217
46220
46225
46226
46228
46235
46243
46244
46250
46253
46259
46260
46263
46264
46270
46276
46278
46281
46287
46290
46293
46294
46296
46303
46305
46312
46314
46316
46317
46318
46319
46325
46330
46331
46333
46334
46335
46336
46344
46345
46346
46357
46358
46359
46361
46362
46366
46372
46375
46377
46378
46379
46380
46383
46384
46389
46390
46391
46392
46394
46403
46405
46406
46413
46414
46417
46420
46424
46425
46430
46431
46433
46435
46436
46443
46444
46446
46448
46449
46451
46456
46458
46464
46465
46467
46470
46474
46475
46476
46481
46483
46484
46486
46491
46497
46498
46499
46503
46505
46507
46509
46511
46520
46522
46523
46527
46528
46530
46531
46533
46534
46544
46549
46553
46555
46557
46559
46561
46563
46567
46568
46569
46570
46572
46575
46576
46578
46581
46584
46587
46597
46601
46607
46610
46611
46614
46615
46616
46620
46622
46623
46626
46631
46634
46637
46639
46641
46646
46647
46648
46649
46650
46651
46652
46655
46657
46664
46665
46666
46668
46675
46676
46677
46679
46680
46684
46690
46693
46694
46695
46699
46706
46714
46715
46720
46722
46723
46727
46728
46732
46734
46738
46739
46742
46744
46745
46747
46754
46762
46764
46767
46770
46771
46774
46776
46778
46781
46782
46783
46784
46785
46786
46789
46792
46796
46799
46800
46803
46806
46814
46817
46819
46820
46822
46824
46827
46828
46829
46831
46837
46839
46841
46842
46853
46855
46859
46862
46863
46868
46870
46877
46878
46895
46904
46911
46914
46918
46921
46924
46931
46937
46940
46942
46948
46973
46974
46975
46977
46985
46993
47006
47007
47010
47011
47013
47014
47017
47018
47019
47021
47022
47023
47026
47028
47032
47033
47037
47039
47040
47049
47052
47058
47059
47076
47077
47078
47083
47088
47091
47092
47095
47096
47104
47106
47108
47129
47130
47131
47138
47142
47143
47149
47150
47156
47158
47159
47160
47175
47182
47184
47185
47192
47198
47204
47212
47216
47221
47228
47232
47233
47235
47254
47255
47261
47265
47266
47271
47280
47281
47289
47296
47299
47301
47302
47310
47312
47324
47326
47327
47331
47333
47336
47339
47341
47345
47347
47349
47350
47352
47353
47355
47360
47364
47370
47374
47375
47378
47379
47380
47386
47392
47393
47401
47402
47403
47404
47418
47419
47424
47430
47431
47432
47441
47445
47447
47452
47456
47459
47463
47466
47475
47479
47484
47485
47487
47493
47495
47497
47504
47505
47506
47507
47509
47511
47513
47516
47521
47525
47531
47539
47543
47545
47552
47560
47568
47570
47574
47582
47589
47592
47594
47598
47607
47609
47616
47620
47622
47626
47628
47638
47642
47651
47662
47664
47665
47668
47680
47681
47685
47688
47692
47693
47695
47698
47700
47707
47709
47711
47713
47717
47721
47724
47725
47739
47742
47743
47754
47757
47761
47773
47774
47779
47783
47785
47787
47789
47790
47791
47794
47796
47798
47806
47809
47810
47813
47815
47820
47822
47831
47840
47847
47855
47857
47859
47860
47869
47870
47872
47879
47881
47886
47891
47892
47910
47918
47920
47922
47926
47927
47936
47945
47946
47947
47948
47952
47955
47957
47958
47968
47969
47980
47984
47989
47995
47997
47998
48011
48019
48022
48023
48024
48027
48028
48042
48045
48048
48055
48058
48059
48061
48067
48071
48078
48080
48087
48089
48097
48100
48104
48108
48109
48113
48122
48125
48133
48135
48136
48146
48148
48150
48152
48156
48158
48163
48167
48176
48181
48184
48186
48190
48193
48195
48198
48200
48202
48206
48209
48210
48212
48216
48217
48218
48220
48221
48229
48232
48235
48236
48239
48246
48249
48250
48252
48259
48263
48266
48267
48270
48274
48279
48280
48290
48296
48299
48302
48312
48314
48322
48326
48327
48329
48330
48332
48339
48351
48353
48356
48358
48377
48383
48385
48396
48400
48403
48406
48410
48411
48425
48427
48428
48433
48436
48448
48450
48454
48461
48462
48465
48468
48469
48470
48471
48472
48475
48477
48480
48481
48482
48483
48498
48508
48511
48513
48514
48515
48517
48520
48521
48522
48524
48525
48529
48533
48535
48540
48543
48544
48546
48547
48552
48556
48559
48560
48564
48567
48573
48578
48582
48583
48585
48588
48595
48597
48606
48609
48615
48618
48624
48630
48634
48638
48640
48641
48646
48655
48659
48660
48664
48667
48671
48681
48682
48684
48688
48691
48693
48703
48704
48707
48708
48709
48722
48724
48727
48728
48730
48731
48735
48737
48738
48743
48747
48749
48751
48752
48753
48758
48764
48767
48768
48775
48776
48781
48787
48790
48794
48800
48803
48809
48813
48814
48819
48825
48827
48837
48838
48840
48841
48842
48843
48846
48848
48849
48852
48855
48858
48864
48872
48887
48891
48894
48895
48898
48899
48904
48906
48912
48920
48929
48930
48933
48939
48940
48948
48956
48958
48960
48965
48973
48975
48987
48998
49004
49006
49012
49022
49033
49034
49035
49045
49047
49049
49057
49058
49059
49074
49081
49083
49085
49087
49089
49091
49098
49100
49103
49104
49107
49119
49120
49121
49122
49123
49128
49134
49138
49157
49160
49163
49177
49178
49181
49182
49184
49200
49203
49207
49211
49212
49214
49216
49218
49221
49226
49227
49232
49237
49238
49239
49242
49246
49248
49254
49256
49257
49259
49263
49264
49277
49281
49282
49286
49287
49293
49295
49300
49304
49319
49323
49325
49327
49333
49334
49340
49343
49347
49348
49349
49353
49359
49369
49372
49373
49374
49378
49379
49382
49385
49389
49390
49408
49409
49420
49426
49429
49431
49432
49436
49439
49442
49448
49449
49458
49473
49475
49478
49486
49487
49488
49489
49490
49491
49493
49494
49499
49501
49505
49506
49519
49520
49521
49526
49528
49531
49534
49551
49552
49555
49557
49559
49561
49564
49574
49580
49591
49597
49600
49602
49604
49608
49622
49623
49626
49627
49631
49635
49645
49657
49660
49661
49678
49692
49694
49696
49697
49699
49704
49708
49711
49714
49719
49730
49732
49743
49746
49757
49758
49762
49766
49768
49778
49783
49788
49792
49795
49797
49799
49800
49809
49810
49812
49821
49822
49823
49826
49829
49830
49833
49843
49846
49847
49849
49850
49853
49857
49864
49866
49868
49870
49877
49879
49880
49882
49884
49885
49888
49889
49903
49905
49907
49910
49913
49914
49921
49922
49932
49938
49940
49954
49956
49958
49961
49962
49971
49974
49975
49977
49979
49982
49984
49985
49988
49990
49995
50001
50019
50020
50023
50024
50028
50030
50032
50034
50047
50050
50051
50058
50068
50069
50070
50073
50076
50077
50084
50087
50090
50092
50093
50095
50096
50098
50104
50106
50112
50126
50127
50133
50144
50148
50149
50158
50159
50163
50177
50181
50184
50190
50194
50196
50200
50201
50204
50212
50214
50215
50217
50220
50221
50229
50230
50231
50232
50234
50239
50241
50244
50246
50247
50249
50255
50258
50259
50263
50268
50271
50274
50275
50277
50279
50280
50282
50298
50301
50302
50307
50308
50309
50312
50313
50316
50320
50321
50322
50326
50327
50331
50332
50333
50335
50336
50337
50344
50346
50347
50350
50354
50355
50357
50358
50362
50378
50380
50381
50393
50397
50404
50405
50411
50414
50415
50417
50423
50424
50427
50428
50429
50430
50433
50437
50438
50442
50446
50460
50461
50463
50465
50466
50467
50468
50469
50470
50471
50472
50478
50480
50483
50489
50491
50492
50500
50502
50506
50511
50515
50516
50521
50522
50523
50524
50527
50529
50532
50534
50535
50539
50544
50555
50560
50561
50563
50571
50574
50576
50577
50579
50596
50613
50617
50620
50622
50627
50628
50638
50644
50654
50655
50656
50660
50664
50668
50680
50688
50689
50697
50698
50699
50706
50709
50710
50719
50727
50728
50731
50732
50735
50737
50738
50742
50743
50744
50749
50751
50758
50760
50763
50764
50774
50776
50778
50779
50788
50792
50797
50804
50805
50808
50809
50813
50821
50824
50825
50833
50845
50846
50847
50853
50854
50857
50861
50863
50866
50867
50870
50871
50875
50879
50881
50886
50890
50892
50895
50899
50901
50907
50914
50917
50921
50924
50925
50928
50939
50946
50954
50955
50957
50958
50959
50971
50973
50974
50984
50985
50989
50996
50997
51000
51006
51007
51008
51017
51021
51024
51030
51034
51035
51036
51042
51043
51047
51048
51050
51055
51060
51061
51065
51067
51071
51073
51074
51079
51082
51087
51091
51094
51095
51098
51103
51106
51107
51115
51117
51124
51128
51130
51131
51132
51135
51137
51142
51147
51149
51152
51154
51170
51174
51175
51179
51181
51183
51184
51188
51190
51197
51202
51207
51208
51209
51211
51213
51217
51223
51224
51225
51227
51231
51241
51244
51245
51247
51248
51250
51255
51264
51268
51269
51278
51279
51283
51284
51285
51286
51289
51290
51297
51298
51300
51301
51314
51315
51321
51324
51327
51328
51333
51335
51343
51349
51353
51354
51357
51358
51364
51365
51366
51368
51376
51377
51378
51380
51382
51383
51391
51393
51396
51397
51404
51405
51413
51425
51426
51427
51429
51432
51438
51450
51451
51460
51461
51465
51466
51475
51479
51480
51484
51485
51487
51494
51499
51510
51513
51516
51520
51522
51528
51530
51548
51549
51550
51551
51552
51553
51554
51557
51561
51562
51564
51568
51574
51578
51593
51599
51601
51602
51605
51606
51610
51615
51618
51620
51622
51625
51627
51628
51630
51634
51635
51638
51639
51640
51641
51644
51645
51661
51664
51665
51666
51670
51674
51677
51680
51685
51696
51702
51703
51707
51710
51712
51714
51719
51723
51727
51731
51735
51738
51742
51746
51750
51754
51759
51762
51765
51774
51781
51784
51788
51790
51794
51801
51803
51819
51826
51829
51840
51853
51854
51859
51861
51871
51878
51879
51881
51883
51899
51900
51902
51903
51911
51914
51915
51916
51918
51920
51922
51927
51928
51935
51936
51937
51942
51944
51946
51948
51957
51959
51961
51962
51963
51966
51967
51968
51971
51973
51974
51975
51976
51977
51978
51979
51986
51990
51994
52006
52012
52018
52022
52024
52025
52026
52027
52031
52032
52036
52039
52042
52043
52044
52047
52049
52050
52052
52062
52064
52067
52069
52070
52072
52073
52074
52075
52078
52079
52082
52089
52091
52103
52107
52110
52112
52115
52118
52121
52126
52127
52134
52136
52137
52138
52141
52143
52144
52155
52156
52159
52165
52166
52171
52178
52179
52183
52187
52197
52201
52213
52219
52221
52233
52234
52236
52237
52241
52244
52247
52254
52259
52261
52263
52276
52277
52280
52281
52300
52303
52309
52312
52313
52314
52318
52321
52322
52325
52326
52330
52335
52338
52344
52347
52352
52353
52359
52366
52370
52371
52372
52377
52378
52381
52383
52390
52393
52397
52398
52401
52403
52404
52407
52411
52413
52419
52420
52421
52423
52425
52427
52430
52435
52436
52440
52447
52451
52454
52459
52461
52466
52469
52471
52472
52474
52475
52476
52480
52481
52484
52487
52493
52495
52497
52500
52502
52504
52512
52515
52518
52524
52525
52527
52535
52536
52537
52541
52543
52544
52550
52553
52554
52556
52558
52562
52563
52564
52565
52573
52581
52586
52587
52589
52590
52591
52596
52597
52600
52605
52609
52610
52611
52612
52614
52616
52617
52620
52621
52625
52627
52629
52630
52632
52636
52639
52645
52647
52650
52651
52663
52665
52666
52668
52672
52676
52679
52680
52686
52689
52690
52696
52701
52707
52708
52709
52715
52717
52718
52724
52725
52731
52736
52743
52746
52747
52750
52752
52754
52759
52761
52764
52765
52767
52768
52771
52772
52775
52776
52777
52781
52784
52785
52787
52793
52799
52800
52802
52805
52817
52822
52824
52826
52829
52833
52834
52836
52837
52844
52846
52847
52879
52880
52881
52882
52883
52895
52901
52904
52921
52932
52933
52941
52944
52945
52956
52966
52971
52974
52976
52977
52979
52980
52981
52982
52988
52998
52999
53001
53007
53009
53019
53029
53037
53038
53051
53056
53064
53065
53068
53072
53078
53081
53082
53084
53085
53087
53088
53090
53091
53092
53096
53097
53098
53101
53107
53109
53114
53119
53121
53122
53123
53134
53137
53138
53141
53143
53150
53151
53152
53154
53161
53163
53172
53178
53179
53180
53181
53182
53187
53192
53193
53195
53205
53209
53211
53213
53219
53220
53221
53226
53230
53233
53234
53235
53238
53239
53245
53248
53249
53254
53255
53257
53259
53260
53261
53264
53270
53271
53278
53279
53281
53287
53291
53296
53299
53302
53307
53309
53314
53324
53329
53331
53332
53336
53337
53339
53340
53341
53343
53344
53345
53350
53352
53360
53362
53365
53366
53367
53369
53371
53373
53374
53375
53380
53385
53386
53400
53403
53410
53411
53416
53428
53429
53431
53439
53442
53445
53447
53449
53453
53454
53460
53465
53466
53467
53477
53483
53487
53491
53502
53503
53504
53505
53506
53512
53513
53515
53518
53528
53529
53537
53541
53550
53551
53552
53555
53566
53572
53577
53584
53587
53593
53594
53596
53606
53607
53608
53609
53610
53615
53617
53619
53624
53626
53632
53644
53645
53646
53651
53654
53662
53664
53667
53670
53671
53676
53678
53679
53683
53690
53691
53692
53697
53700
53702
53703
53706
53710
53714
53718
53720
53723
53724
53732
53733
53735
53737
53739
53742
53744
53746
53750
53751
53756
53759
53761
53762
53770
53772
53773
53774
53775
53778
53780
53784
53796
53799
53803
53811
53812
53816
53818
53819
53821
53823
53834
53838
53839
53841
53857
53873
53875
53881
53890
53891
53894
53897
53901
53902
53909
53916
53919
53921
53924
53926
53929
53933
53934
53935
53938
53944
53947
53948
53954
53957
53968
53971
53973
53976
53977
53980
53983
53987
53991
53997
54003
54005
54008
54009
54022
54023
54032
54033
54034
54040
54048
54049
54056
54060
54061
54062
54063
54072
54074
54079
54084
54086
54089
54090
54092
54098
54101
54103
54104
54105
54108
54113
54116
54123
54124
54126
54128
54142
54143
54153
54161
54166
54169
54170
54172
54176
54178
54189
54191
54196
54198
54200
54204
54207
54219
54221
54224
54227
54233
54236
54239
54243
54252
54254
54255
54262
54269
54271
54272
54281
54282
54283
54284
54293
54295
54297
54298
54299
54300
54301
54305
54309
54312
54314
54319
54327
54329
54330
54333
54336
54345
54349
54359
54363
54365
54371
54372
54381
54386
54387
54392
54393
54396
54398
54399
54402
54404
54405
54406
54409
54412
54415
54423
54424
54425
54426
54434
54439
54440
54446
54447
54455
54458
54463
54465
54466
54467
54470
54473
54474
54475
54480
54483
54485
54486
54491
54494
54498
54499
54501
54502
54509
54510
54513
54515
54521
54522
54523
54525
54535
54538
54540
54545
54548
54551
54552
54553
54559
54562
54563
54567
54571
54576
54577
54581
54583
54590
54591
54598
54602
54603
54605
54606
54607
54612
54615
54617
54623
54628
54631
54637
54650
54653
54660
54668
54671
54673
54675
54678
54684
54685
54686
54694
54695
54702
54705
54712
54715
54716
54717
54719
54722
54725
54729
54730
54731
54732
54739
54742
54745
54751
54757
54759
54763
54764
54769
54771
54774
54788
54792
54800
54801
54808
54809
54812
54816
54819
54821
54822
54827
54841
54843
54845
54856
54861
54862
54865
54866
54876
54877
54880
54885
54886
54896
54901
54905
54909
54911
54915
54917
54927
54928
54930
54937
54938
54940
54943
54944
54947
54948
54949
54954
54956
54961
54964
54965
54972
54976
54978
54987
54991
54992
54994
54997
54998
54999
55000
55001
55007
55009
55012
55026
55030
55031
55034
55035
55040
55049
55050
55059
55067
55070
55071
55075
55079
55084
55085
55087
55088
55097
55100
55106
55107
55108
55114
55116
55117
55121
55124
55125
55131
55140
55142
55143
55148
55150
55155
55156
55159
55161
55163
55167
55169
55174
55181
55187
55188
55189
55195
55200
55202
55204
55205
55206
55214
55218
55222
55223
55224
55225
55226
55227
55228
55231
55237
55238
55239
55243
55246
55256
55266
55270
55275
55281
55286
55303
55307
55317
55322
55327
55328
55330
55335
55336
55347
55348
55351
55355
55357
55358
55359
55361
55364
55368
55370
55373
55375
55377
55378
55388
55389
55390
55395
55399
55400
55415
55419
55420
55425
55431
55434
55435
55439
55441
55443
55444
55445
55451
55456
55457
55465
55466
55470
55472
55473
55477
55481
55489
55493
55494
55498
55502
55505
55512
55514
55517
55519
55525
55527
55530
55534
55538
55543
55545
55549
55552
55554
55555
55560
55567
55571
55574
55576
55577
55582
55583
55584
55585
55589
55594
55595
55597
55598
55611
55616
55620
55624
55628
55629
55633
55637
55638
55647
55649
55650
55653
55656
55657
55661
55665
55669
55670
55673
55674
55677
55681
55682
55683
55686
55690
55692
55693
55694
55707
55708
55709
55711
55715
55719
55720
55724
55726
55735
55736
55745
55746
55747
55748
55752
55756
55757
55760
55764
55769
55771
55781
55786
55787
55788
55790
55801
55802
55806
55807
55815
55816
55821
55824
55827
55828
55837
55841
55849
55851
55856
55859
55860
55865
55866
55875
55878
55885
55889
55897
55898
55901
55906
55912
55913
55915
55923
55924
55929
55936
55939
55940
55941
55943
55948
55949
55954
55957
55962
55964
55968
55972
55973
55977
55978
55980
55981
55988
55989
55997
55998
56013
56014
56016
56021
56022
56025
56027
56031
56043
56045
56046
56058
56060
56062
56064
56066
56070
56075
56083
56087
56089
56090
56091
56099
56100
56105
56106
56109
56118
56128
56139
56140
56141
56144
56149
56151
56158
56161
56163
56164
56167
56169
56171
56172
56174
56177
56178
56183
56184
56188
56201
56203
56204
56207
56210
56211
56212
56215
56219
56220
56225
56229
56232
56239
56240
56243
56245
56252
56257
56261
56262
56263
56266
56272
56273
56283
56286
56287
56288
56290
56293
56295
56298
56299
56301
56308
56310
56318
56319
56327
56328
56335
56342
56344
56352
56357
56361
56362
56363
56364
56373
56376
56379
56382
56387
56388
56393
56394
56397
56408
56409
56411
56413
56414
56416
56417
56418
56420
56421
56424
56425
56431
56432
56440
56442
56443
56446
56447
56449
56454
56458
56461
56464
56467
56468
56474
56477
56480
56483
56487
56488
56491
56494
56495
56499
56501
56504
56509
56514
56518
56531
56533
56534
56536
56545
56546
56550
56551
56556
56565
56566
56567
56580
56594
56602
56604
56606
56613
56615
56619
56624
56629
56630
56635
56643
56644
56647
56650
56651
56652
56654
56657
56659
56661
56667
56668
56673
56675
56678
56680
56682
56686
56688
56693
56698
56699
56701
56702
56705
56710
56711
56718
56720
56725
56731
56734
56737
56738
56740
56743
56744
56747
56750
56752
56756
56760
56766
56771
56774
56775
56777
56782
56786
56790
56796
56798
56800
56802
56807
56810
56812
56815
56819
56820
56825
56827
56829
56830
56839
56841
56842
56845
56850
56858
56859
56874
56881
56885
56892
56896
56898
56900
56901
56902
56905
56908
56909
56911
56917
56924
56926
56927
56930
56932
56935
56936
56939
56940
56948
56956
56957
56959
56960
56964
56968
56969
56971
56975
56976
56979
56982
56986
56991
56999
57003
57004
57005
57007
57008
57019
57021
57022
57023
57024
57027
57028
57031
57033
57039
57044
57047
57048
57050
57051
57060
57065
57070
57076
57079
57083
57095
57102
57107
57110
57114
57117
57119
57121
57122
57123
57128
57131
57134
57140
57141
57144
57145
57147
57151
57158
57159
57162
57163
57168
57170
57172
57178
57188
57190
57191
57192
57195
57199
57201
57204
57205
57207
57209
57210
57213
57218
57223
57227
57228
57233
57234
57235
57241
57253
57254
57256
57257
57263
57264
57266
57268
57269
57272
57274
57279
57283
57289
57291
57292
57295
57304
57310
57312
57335
57346
57349
57350
57355
57356
57357
57364
57365
57368
57373
57381
57388
57399
57400
57401
57407
57408
57409
57422
57424
57425
57426
57429
57434
57442
57448
57450
57452
57455
57457
57459
57462
57466
57468
57469
57474
57475
57480
57482
57483
57484
57486
57488
57492
57497
57499
57504
57506
57507
57508
57509
57510
57512
57521
57523
57529
57543
57546
57550
57551
57552
57556
57564
57565
57567
57569
57570
57572
57579
57585
57586
57590
57593
57597
57599
57600
57602
57603
57608
57609
57612
57613
57616
57619
57620
57625
57626
57628
57632
57633
57648
57651
57652
57657
57660
57663
57664
57665
57673
57675
57676
57681
57688
57702
57712
57718
57723
57725
57727
57730
57732
57738
57744
57748
57754
57760
57764
57770
57774
57778
57795
57797
57799
57803
57804
57811
57814
57819
57824
57826
57827
57828
57831
57839
57845
57846
57848
57849
57855
57856
57857
57858
57862
57865
57870
57871
57872
57877
57879
57886
57887
57888
57891
57894
57895
57903
57905
57911
57914
57915
57916
57918
57921
57922
57923
57924
57928
57933
57936
57938
57940
57941
57942
57945
57950
57953
57958
57959
57963
57970
57973
57975
57976
57979
57981
57982
57985
57990
57991
57993
57994
58004
58005
58008
58015
58018
58023
58032
58034
58035
58036
58037
58040
58043
58050
58065
58068
58069
58076
58078
58090
58096
58097
58099
58106
58108
58113
58114
58117
58120
58124
58130
58137
58138
58147
58151
58164
58165
58174
58178
58179
58190
58199
58201
58202
58207
58209
58218
58231
58232
58233
58236
58238
58241
58248
58249
58257
58265
58268
58274
58275
58276
58277
58283
58285
58286
58291
58303
58316
58318
58320
58321
58328
58335
58338
58344
58345
58349
58355
58357
58358
58362
58368
58372
58375
58379
58383
58387
58394
58396
58397
58401
58404
58406
58407
58418
58421
58431
58432
58438
58440
58441
58445
58450
58451
58454
58463
58464
58471
58472
58473
58475
58481
58488
58490
58498
58506
58515
58519
58522
58526
58532
58533
58535
58538
58539
58555
58557
58563
58565
58572
58573
58580
58582
58583
58591
58592
58597
58607
58608
58612
58613
58616
58617
58619
58620
58624
58626
58631
58635
58637
58639
58641
58642
58643
58645
58647
58648
58658
58661
58664
58667
58674
58678
58682
58688
58689
58694
58697
58699
58709
58714
58718
58720
58727
58729
58734
58738
58743
58752
58754
58755
58756
58757
58763
58767
58772
58779
58782
58783
58784
58786
58787
58791
58797
58802
58807
58809
58811
58812
58816
58819
58833
58839
58842
58844
58850
58853
58859
58861
58869
58879
58883
58890
58904
58920
58930
58931
58937
58940
58943
58946
58950
58953
58960
58963
58967
58968
58973
58979
58980
58982
58984
58988
58996
58999
59000
59002
59004
59008
59009
59012
59013
59017
59019
59020
59022
59026
59027
59028
59032
59034
59035
59044
59053
59055
59058
59060
59062
59075
59079
59081
59084
59085
59086
59089
59092
59099
59101
59103
59106
59108
59111
59114
59116
59119
59120
59125
59129
59130
59135
59137
59138
59141
59145
59152
59155
59161
59162
59164
59167
59171
59173
59174
59178
59183
59191
59192
59194
59197
59200
59206
59207
59210
59214
59215
59216
59217
59218
59219
59223
59227
59229
59233
59237
59239
59243
59246
59250
59258
59267
59271
59273
59276
59277
59281
59282
59284
59287
59289
59290
59293
59294
59297
59298
59299
59302
59303
59304
59311
59315
59320
59321
59325
59337
59339
59345
59346
59349
59355
59365
59368
59373
59397
59399
59401
59402
59404
59405
59406
59414
59423
59424
59428
59429
59432
59438
59449
59452
59453
59454
59455
59457
59460
59463
59464
59467
59471
59477
59479
59485
59492
59496
59497
59503
59506
59510
59512
59519
59521
59526
59531
59535
59536
59537
59542
59544
59553
59555
59557
59561
59564
59573
59574
59576
59578
59581
59591
59594
59597
59599
59605
59609
59616
59617
59633
59634
59636
59646
59650
59651
59653
59663
59666
59667
59669
59671
59676
59679
59680
59681
59683
59689
59690
59692
59698
59699
59700
59703
59704
59706
59711
59712
59722
59729
59735
59736
59738
59740
59741
59743
59746
59755
59759
59764
59769
59773
59776
59782
59787
59791
59794
59799
59804
59808
59810
59811
59817
59818
59819
59820
59823
59827
59828
59831
59834
59838
59842
59846
59850
59851
59856
59857
59859
59860
59861
59863
59869
59870
59874
59875
59878
59880
59883
59887
59890
59896
59897
59898
59899
59902
59904
59911
59912
59913
59916
59919
59921
59925
59927
59929
59930
59932
59933
59935
59937
59941
59944
59947
59949
59951
59952
59953
59957
59961
59962
59963
59964
59967
59972
59973
59974
59978
59979
59981
59987
59992
59995
59999
60003
60006
60008
60009
60013
60016
60019
60020
60026
60027
60031
60034
60041
60045
60048
60049
60052
60055
60061
60062
60065
60066
60067
60071
60073
60074
60075
60078
60079
60081
60083
60086
60091
60094
60106
60108
60111
60116
60117
60118
60121
60122
60125
60128
60129
60137
60138
60141
60143
60153
60155
60159
60162
60164
60165
60168
60172
60176
60178
60181
60182
60184
60187
60188
60191
60193
60198
60201
60202
60203
60207
60208
60211
60212
60219
60223
60227
60242
60244
60246
60255
60258
60260
60263
60269
60276
)


// ************************************************************************* //
