/*--------------------------------*- C++ -*----------------------------------*\
| =========                 |                                                 |
| \\      /  F ield         | OpenFOAM: The Open Source CFD Toolbox           |
|  \\    /   O peration     | Version:  v2012                                 |
|   \\  /    A nd           | Website:  www.openfoam.com                      |
|    \\/     M anipulation  |                                                 |
\*---------------------------------------------------------------------------*/
FoamFile
{
    version     2.0;
    format      ascii;
    class       labelList;
    location    "constant/polyMesh";
    object      pointProcAddressing;
}
// * * * * * * * * * * * * * * * * * * * * * * * * * * * * * * * * * * * * * //


15236
(
3
7
215
216
217
218
219
220
221
222
223
224
225
226
227
228
229
230
231
232
233
234
235
236
237
238
239
240
241
242
243
244
245
246
247
248
249
250
251
252
348
349
350
351
352
353
354
355
356
357
358
359
360
361
362
363
364
365
366
367
368
369
370
371
372
373
374
375
376
377
378
379
380
678
679
680
681
682
683
684
685
686
687
688
689
690
691
692
693
694
695
696
697
698
699
700
701
702
703
704
705
706
707
708
709
710
711
712
713
714
715
716
717
718
719
720
721
722
723
724
725
726
727
728
729
730
731
732
733
734
735
736
737
738
739
740
741
742
743
744
745
746
747
748
749
750
751
752
753
754
755
756
757
758
759
760
761
762
763
764
765
766
767
768
769
770
771
772
773
774
776
1049
1050
1051
1052
1053
1054
1055
1056
1057
1058
1059
1060
1061
1062
1063
1064
1065
1066
1067
1068
1069
1070
1071
1072
1073
1074
1075
1076
1077
1078
1079
1080
1081
1082
1083
1084
1085
1086
1182
1183
1184
1185
1186
1187
1188
1189
1190
1191
1192
1193
1194
1195
1196
1197
1198
1199
1200
1201
1202
1203
1204
1205
1206
1207
1208
1209
1210
1211
1212
1213
1214
1512
1513
1514
1515
1516
1517
1518
1519
1520
1521
1522
1523
1524
1525
1526
1527
1528
1529
1530
1531
1532
1533
1534
1535
1536
1537
1538
1539
1540
1541
1542
1543
1544
1545
1546
1547
1548
1549
1550
1551
1552
1553
1554
1555
1556
1557
1558
1559
1560
1561
1562
1563
1564
1565
1566
1567
1568
1569
1570
1571
1572
1573
1574
1575
1576
1577
1578
1579
1580
1581
1582
1583
1584
1585
1586
1587
1588
1589
1590
1591
1592
1593
1594
1595
1596
1597
1598
1599
1600
1601
1602
1603
1604
1605
1606
1607
1608
1610
1712
1713
1714
1715
1716
1717
1718
1724
1725
1726
1727
1728
1729
1754
1758
1760
1763
1765
1771
1775
1783
1786
1801
1804
1805
1807
1810
1812
1814
1815
1818
1820
1822
1824
1826
1827
1840
1843
1855
1856
1860
1866
1884
1889
1890
1891
1896
1898
1900
1908
1910
1911
1913
1915
1943
1944
1945
1946
1947
1948
1949
1950
1951
1952
1953
1954
1955
1956
1957
1958
1959
1960
1961
1962
1963
1964
1965
1966
1967
1968
1969
1970
1971
1972
1973
1974
1975
1976
1977
1978
1979
1980
1981
1982
1983
1984
1985
1986
1987
1988
1989
1990
1991
1992
1993
1994
1995
1996
1997
1998
1999
2000
2001
2002
2003
2004
2005
2006
2007
2008
2009
2010
2011
2012
2013
2014
2015
2016
2017
2018
2019
2020
2021
2022
2023
2024
2025
2026
2027
2028
2029
2030
2031
2032
2033
2034
2035
2036
2037
2038
2039
2040
2041
2042
2043
2044
2045
2046
2047
2048
2049
2050
2051
2052
2053
2054
2055
2056
2057
2058
2059
2060
2061
2062
2063
2064
2065
2066
2067
2068
2069
2070
2071
2072
2073
2074
2075
2076
2077
2078
2079
2080
2081
2082
2083
2084
2085
2086
2087
2088
2089
2090
2091
2092
2093
2094
2095
2096
2097
2098
2099
2100
2101
2102
2103
2104
2535
2542
2554
2625
2626
2627
2634
2635
2653
2654
2678
2738
2739
2740
2741
2742
2743
2744
2745
2749
2750
2765
2766
2778
2779
2783
2784
2804
2805
2812
2819
2820
2821
2823
2824
2825
2826
2827
2828
2829
2830
2831
2832
2833
2834
2835
2836
2837
2838
2839
2840
2841
2842
2843
2844
2845
2846
2847
2848
2849
2850
2851
2852
2853
2854
2855
2856
2857
2858
2859
2860
2861
2862
2863
2864
2865
2866
2867
2868
2869
2870
2871
2872
2873
2874
2875
2876
2877
2878
2879
2880
2881
2882
2883
2884
2885
2886
2887
2888
2889
2890
2891
2892
2893
2894
2895
2896
2897
2898
2899
2900
2901
2902
2903
2904
2905
2906
2907
2908
2909
2910
2911
2912
2913
2914
2915
2916
2917
2918
2919
2920
2921
2922
2923
2924
2925
2926
2927
2928
2929
2930
2931
2932
2933
2934
2935
2936
2937
2938
2939
2940
2941
2942
2943
2944
2945
2946
2947
2948
2949
2950
2951
2952
2953
2954
2955
2956
2957
2958
2959
2960
2961
2962
2963
2964
2965
2966
2967
2968
2969
2998
2999
3000
3001
3002
3003
3004
3005
3006
3007
3008
3009
3010
3019
3022
3023
3024
3031
3034
3036
3037
3040
3041
3044
3098
3100
3101
3146
3147
3357
3361
3386
3392
3396
3416
3417
3466
3467
3480
3481
3482
3483
3484
3485
3486
3487
3494
3495
3500
3501
3502
3535
3536
3541
3576
3731
3791
3793
3827
3852
3854
3879
3880
3881
3882
3883
3884
3885
3886
3887
3888
3889
3890
3891
3892
3893
3894
3895
3923
3924
3925
3926
3927
3928
3929
3930
3931
3932
3933
3934
3935
3936
3937
3938
3939
3940
3941
3942
3943
3944
3945
3946
3947
3948
3949
3950
3951
3952
3953
3954
3955
3956
3957
3958
3959
3960
3961
3962
3963
3964
3965
3966
3967
3968
3969
3970
3971
3972
3973
3974
3975
3976
3977
3978
3979
3980
3981
3982
3983
3984
3985
3986
3987
3988
3989
3990
3991
3992
3993
3994
3995
3996
3997
3998
3999
4000
4001
4002
4003
4004
4005
4006
4007
4008
4009
4010
4011
4012
4013
4014
4015
4016
4017
4018
4019
4020
4021
4022
4023
4024
4025
4026
4027
4028
4031
4033
4034
4047
4048
4052
4054
4210
4211
4212
4215
4239
4241
4242
4271
4303
4304
4305
4306
4307
4348
4349
4350
4351
4358
4389
4398
4399
4400
4401
4402
4403
4404
4405
4406
4407
4408
4409
4410
4411
4412
4413
4414
4415
4416
4417
4418
4419
4420
4421
4422
4423
4424
4425
4426
4427
4428
4429
4430
4431
4432
4433
4434
4435
4436
4437
4438
4439
4440
4441
4442
4443
4444
4445
4446
4447
4448
4449
4450
4451
4452
4453
4454
4455
4456
4457
4458
4459
4460
4461
4462
4463
4464
4465
4466
4467
4468
4469
4470
4471
4472
4473
4474
4475
4476
4477
4478
4479
4480
4481
4482
4483
4484
4485
4486
4487
4488
4489
4490
4491
4492
4493
4494
4495
4496
4497
4498
4499
4500
4501
4502
4503
4504
4505
4506
4507
4508
4509
4510
4511
4512
4513
4514
4515
4516
4517
4518
4519
4520
4521
4522
4523
4524
4525
4526
4527
4528
4529
4530
4531
4532
4533
4534
4535
4536
4537
4538
4539
4540
4541
4542
4543
4544
4545
4546
4547
4548
4549
4550
4551
4552
4553
4554
4555
4556
4557
4558
4559
4560
4561
4562
4563
4564
4565
4566
4567
4568
4569
4570
4571
4572
4573
4574
4575
4576
4577
4578
4579
4580
4581
4582
4583
4584
4585
4586
4587
4588
4589
4590
4591
4592
4593
4594
4595
4596
4597
4598
4599
4600
4601
4602
4603
4604
4605
4606
4607
4608
4609
4610
4611
4612
4613
4614
4615
4665
4675
4677
4680
4681
4682
4683
4684
4685
4686
4687
4689
4700
4701
4702
4715
4723
4729
4730
4731
4733
4743
4748
4751
4754
4755
4759
4760
4846
4847
4856
4862
4864
4868
4887
4888
4889
5079
5080
5081
5082
5083
5084
5085
5086
5087
5088
5089
5090
5091
5092
5093
5094
5095
5096
5097
5098
5099
5100
5101
5102
5103
5104
5105
5106
5107
5108
5109
5110
5111
5112
5113
5114
5115
5116
5117
5118
5119
5120
5121
5122
5123
5124
5125
5126
5127
5128
5129
5130
5131
5132
5133
5134
5135
5136
5137
5138
5139
5140
5141
5142
5143
5144
5145
5146
5147
5148
5149
5150
5151
5152
5153
5154
5155
5156
5159
5160
5277
5278
5279
5280
5288
5289
5297
5312
5313
5318
5329
5330
5331
5332
5368
5370
5371
5408
5409
5423
5451
5452
5453
5454
5455
5483
5484
5495
5521
5536
5537
5538
5539
5540
5576
5582
5583
5585
5586
5593
5594
5595
5609
5610
5611
5612
5621
5622
5623
5624
5625
5641
5642
5643
5645
5646
5647
5648
5649
5650
5651
5652
5653
5654
5655
5656
5657
5658
5659
5660
5661
5662
5663
5664
5665
5666
5667
5668
5669
5670
5671
5672
5673
5719
5725
5730
5734
5735
5736
5745
5771
6253
6254
6255
6256
6257
6258
6259
6260
6261
6262
6263
6264
6265
6266
6267
6268
6269
6270
6271
6272
6273
6274
6275
6276
6277
6278
6279
6280
6281
6284
6287
6288
6289
6290
6291
6292
6293
6294
6296
6297
6321
6325
6326
6327
6328
6329
6330
6331
6332
6333
6334
6335
6336
6337
6338
6339
6340
6341
6342
6343
6344
6345
6346
6347
6348
6349
6350
6351
6352
6353
6354
6355
6358
6359
6373
6465
6466
6470
6472
6488
6491
6492
6493
6494
6495
6496
6497
6498
6499
6500
6501
6502
6503
6504
6505
6506
6526
6558
6559
6574
6664
6665
6683
6699
6713
6727
6728
6729
6730
6731
6732
6733
6734
6735
6736
6737
6738
6739
6740
6741
6742
6743
6744
6745
6746
6747
6748
6749
6750
6751
6752
6753
6754
6755
6756
6757
6758
6759
6760
6761
6762
6763
6764
6765
6766
6767
6768
6769
6770
6771
6772
6773
6774
6775
6776
6777
6778
6779
6780
6781
6782
6783
6784
6785
6791
6792
6793
6794
6795
6796
6797
6798
6799
6800
6801
6802
6803
6804
6805
6806
6807
6808
6809
6810
6811
6812
6813
6814
6815
6816
6817
6818
6819
6820
6821
6825
6828
6830
6831
6832
6833
6834
6835
6836
6837
6838
6839
6840
6841
6842
6843
6844
6845
6846
6852
6854
6855
6856
6857
6858
6859
6860
6861
6862
6863
6864
6865
6866
6867
6868
6869
6870
6871
6903
6914
6943
6944
6945
6946
6947
6948
6949
6950
6951
6952
6953
6954
6955
6956
6972
6977
6978
6979
6980
6981
6982
6983
6984
6985
6986
6987
6988
6989
6990
6991
6992
6996
6997
6998
6999
7000
7001
7013
7014
7015
7016
7017
7018
7019
7020
7021
7022
7023
7024
7045
7046
7058
7062
7063
7064
7065
7066
7067
7076
7077
7078
7079
7080
7081
7082
7083
7092
7098
7099
7100
7115
7116
7117
7118
7119
7120
7121
7122
7123
7124
7125
7126
7127
7128
7146
7153
7154
7155
7156
7157
7158
7159
7160
7161
7162
7163
7164
7165
7166
7167
7168
7181
7182
7183
7184
7185
7186
7187
7188
7205
7207
7208
7209
7210
7211
7212
7213
7214
7215
7216
7217
7218
7219
7220
7221
7222
7223
7237
7238
7239
7240
7241
7242
7243
7244
7245
7246
7247
7248
7249
7276
7277
7286
7401
7402
7409
7421
7422
7423
7424
7425
7426
7427
7428
7429
7430
7431
7432
7433
7434
7435
7436
7437
7438
7439
7440
7441
7442
7443
7444
7445
7446
7447
7448
7449
7450
7451
7452
7453
7454
7455
7456
7457
7458
7459
7460
7461
7462
7463
7464
7465
7466
7467
7472
7473
7474
7475
7476
7477
7478
7480
7483
7494
7495
7496
7539
7540
7583
7584
7585
7586
7592
7599
7673
7674
7675
7676
7711
7712
7713
7727
7733
7734
7736
7753
7754
7755
7757
7758
7760
7774
7775
7776
7777
7778
7779
7780
7781
7782
7783
7784
7785
7786
7787
7788
7789
7790
7791
7792
7793
7794
7795
7796
7797
7798
7799
7800
7801
7802
7803
7804
7805
7806
7807
7808
7809
7810
7811
7812
7813
7814
7815
7816
7817
7818
7819
7820
7949
7969
7992
7993
7995
7996
7997
8053
8054
8055
8056
8057
8058
8059
8060
8061
8062
8063
8064
8065
8066
8067
8068
8069
8070
8071
8072
8073
8074
8075
8076
8077
8078
8079
8080
8081
8082
8083
8084
8089
8090
8092
8130
8133
8134
8135
8136
8137
8138
8139
8140
8141
8142
8143
8144
8145
8146
8149
8150
8153
8155
8157
8158
8159
8167
8171
8173
8177
8180
8181
8183
8185
8186
8193
8194
8195
8196
8197
8198
8199
8200
8201
8202
8203
8204
8205
8206
8207
8208
8209
8210
8211
8212
8213
8214
8215
8216
8217
8218
8219
8220
8221
8222
8223
8224
8225
8226
8227
8228
8229
8230
8231
8232
8233
8234
8235
8236
8237
8238
8239
8240
8241
8242
8243
8245
8248
8252
8253
8254
8256
8259
8261
8262
8264
8265
8268
8269
8274
8275
8284
8285
8287
8288
8290
8291
8292
8296
8306
8308
8317
8318
8319
8320
8321
8322
8323
8324
8325
8326
8327
8329
8330
8331
8332
8333
8337
8338
8339
8340
8341
8342
8343
8344
8345
8346
8347
8348
8349
8350
8351
8352
8353
8354
8355
8356
8357
8358
8359
8360
8361
8362
8363
8364
8365
8366
8367
8368
8393
8394
8395
8396
8401
8403
8404
8405
8406
8408
8409
8410
8411
8416
8418
8419
8420
8421
8422
8424
8425
8430
8431
8432
8436
8437
8454
8455
8456
8457
8458
8459
8460
8461
8462
8463
8464
8465
8466
8467
8468
8469
8470
8471
8472
8473
8474
8475
8476
8477
8478
8479
8480
8481
8482
8483
8484
8485
8486
8487
8488
8489
8490
8491
8492
8493
8496
8499
8503
8504
8505
8506
8508
8512
8514
8515
8516
8520
8526
8530
8531
8534
8536
8537
8538
8541
8547
8552
8555
8557
8558
8559
8560
8561
8566
8568
8569
8570
8571
8573
8575
8580
8581
8593
8594
8601
8604
8605
8609
8610
8615
8616
8617
8619
8620
8621
8625
8627
8628
8629
8630
8632
8634
8635
8638
8639
8640
8643
8648
8651
8653
8654
8655
8656
8659
8663
8664
8699
8700
8701
8702
8703
8706
8713
8783
8818
8819
8820
8892
8904
8905
8906
8907
8908
8909
8910
8911
8912
8913
8914
8915
8916
8917
8918
8919
8920
8921
8922
8923
8924
8927
8941
8947
8948
8949
9030
9031
9032
9035
9036
9037
9038
9039
9052
9054
9055
9060
9065
9074
9075
9077
9078
9079
9080
9081
9085
9178
9180
9182
9183
9189
9190
9200
9210
9211
9213
9215
9221
9223
9224
9225
9226
9227
9228
9229
9238
9241
9242
9244
9248
9249
9250
9256
9257
9259
9262
9264
9265
9266
9281
9285
9296
9300
9307
9309
9310
9312
9313
9314
9315
9316
9318
9319
9322
9324
9325
9326
9327
9328
9332
9338
9350
9352
9354
9356
9362
9364
9365
9369
9370
9371
9372
9375
9422
9431
9435
9438
9439
9442
9444
9445
9446
9450
9451
9452
9453
9455
9457
9458
9460
9461
9462
9463
9464
9465
9466
9467
9470
9473
9486
9493
9497
9500
9510
9516
9518
9519
9528
9532
9533
9547
9548
9554
9562
9563
9572
9575
9597
9598
9602
9603
9604
9605
9606
9607
9608
9609
9610
9611
9612
9613
9614
9644
9646
9647
9649
9653
9666
9672
9674
9675
9676
9677
9679
9680
9683
9701
9702
9710
9716
9722
9733
9736
9737
9741
9743
9745
9746
9747
9757
9758
9761
9765
9766
9772
9773
9784
9788
9810
9811
9812
9817
9819
9824
9829
10249
10251
10267
10268
10269
10270
10271
10272
10273
10274
10275
10276
10277
10278
10279
10280
10281
10283
10306
10309
10310
10311
10314
10332
10337
10342
10343
10344
10346
10351
10352
10353
10354
10358
10360
10361
10370
10376
10377
10401
10406
10407
10415
10417
10420
10421
10428
10429
10430
10431
10432
10433
10434
10437
10444
10445
10446
10448
10461
10465
10466
10468
10469
10471
10472
10480
10488
10489
10490
10491
10492
10501
10503
10513
10516
10517
10518
10519
10521
10522
10523
10524
10528
10547
10551
10553
10554
10567
10582
10583
10588
10591
10594
10595
10600
10601
10602
10603
10610
10611
10612
10613
10614
10625
10627
10630
10631
10644
10655
10656
10657
10659
10660
10669
10670
10673
10675
10676
10677
10678
10680
10684
10685
10690
10691
10692
10695
10704
10705
10706
10712
10716
10723
10724
10725
10726
10727
10728
10732
10733
10735
10736
10737
10746
10747
10751
10754
10794
10796
10803
10807
10808
10809
10810
10811
10812
10813
10814
10815
10816
10817
10818
10819
10820
10821
10822
10823
10824
10825
10826
10827
10828
10829
10830
10831
10832
10833
10834
10835
10836
10837
10838
10839
10840
10841
10842
10843
10844
10845
10846
10847
10848
10849
10850
10851
10852
10853
10854
10855
10856
10857
10858
10859
10860
10861
10862
10863
10864
10865
10866
10867
10868
10869
10870
10871
10872
10873
10874
10875
10876
10877
10878
10879
10880
10881
10882
10883
10884
10885
10886
10887
10888
10889
10890
10891
10892
10893
10894
10895
10896
10897
10898
10899
10900
10901
10902
10903
10904
10905
10906
10907
10908
10909
10910
10911
10912
10913
10914
10915
10916
10917
10918
10919
10920
10921
10922
10923
10924
10925
10926
10927
10944
10945
10946
10947
10948
10949
10950
10951
10952
10958
10959
10960
10961
10962
10963
10964
10965
10966
10967
10968
10969
10970
10971
10972
10973
10974
10975
10976
10977
10978
10979
10980
10983
10984
10985
10986
10991
10992
10993
11050
11051
11052
11054
11060
11061
11062
11063
11071
11072
11075
11079
11081
11082
11093
11097
11098
11099
11100
11108
11109
11111
11115
11124
11127
11128
11130
11132
11143
11144
11145
11148
11152
11161
11178
11183
11188
11196
11197
11198
11202
11203
11204
11205
11206
11207
11208
11212
11217
11218
11227
11242
11243
11244
11245
11253
11254
11255
11256
11257
11258
11259
11267
11268
11269
11270
11280
11281
11283
11284
11285
11286
11287
11295
11296
11314
11315
11316
11317
11318
11319
11320
11321
11324
11325
11326
11327
11328
11339
11341
11342
11343
11345
11361
11362
11368
11372
11373
11374
11375
11376
11408
11409
11630
11636
11637
11650
11651
11669
11670
11673
11678
11680
11681
11685
11688
11692
11693
11695
11703
11713
11726
11727
11734
11735
11755
11759
11760
11761
11762
11763
11764
11765
11766
11767
11768
11769
11774
11777
11799
11807
11808
11817
11841
11842
11846
11855
11862
11865
11867
11876
11888
11889
11898
11912
11918
11919
11941
11943
11963
11964
11996
11997
11998
12019
12020
12021
12030
12038
12042
12047
12088
12089
12103
12104
12107
12123
12129
12130
12156
12157
12164
12182
12186
12191
12197
12198
12199
12200
12201
12202
12203
12207
12208
12209
12223
12226
12227
12231
12232
12244
12245
12252
12262
12265
12266
12267
12268
12269
12270
12271
12272
12273
12274
12275
12276
12277
12278
12279
12280
12281
12282
12283
12284
12285
12286
12288
12289
12290
12294
12295
12296
12302
12303
12310
12311
12312
12313
12319
12320
12321
12322
12323
12324
12326
12327
12328
12329
12330
12332
12333
12337
12343
12344
12345
12346
12353
12354
12356
12357
12360
12361
12362
12363
12364
12402
12411
12412
12413
12414
12415
12416
12417
12423
12424
12430
12435
12440
12441
12442
12445
12464
12465
12467
12468
12475
12483
12489
12490
12494
12503
12511
12518
12522
12531
12532
12538
12539
12540
12541
12543
12546
12548
12549
12550
12555
12556
12557
12559
12560
12571
12572
12576
12583
12585
12586
12587
12588
12589
12612
12614
12617
12618
12623
12624
12625
12626
12627
12628
12629
12630
12631
12635
12636
12642
12645
12646
12647
12651
12652
12653
12656
12657
12658
12659
12660
12661
12662
12663
12666
12671
12672
12673
12675
12678
12679
12680
12682
12683
12705
12706
12707
12708
12709
12711
12712
12713
12714
12717
12724
12725
12726
12727
12728
12729
12730
12731
12732
12733
12734
12735
12736
12743
12744
12745
12750
12751
12752
12753
12754
12758
12759
12760
12761
12762
12763
12765
12769
12770
12776
12777
12778
12786
12787
12790
12791
12793
12803
12806
12810
12828
12829
12830
12848
12856
12865
12869
12872
12880
12884
12885
12888
12889
12890
12892
12898
12899
12902
12911
12915
12916
12917
12958
12959
12960
12961
12962
12963
12964
12965
12966
12967
12982
12986
12987
12988
13009
13016
13029
13104
13105
13106
13107
13108
13110
13111
13112
13113
13127
13128
13129
13131
13142
13145
13146
13147
13173
13175
13178
13181
13188
13193
13194
13195
13196
13202
13203
13215
13236
13253
13254
13255
13258
13259
13260
13267
13268
13275
13276
13299
13314
13315
13316
13323
13333
13337
13338
13339
13340
13345
13346
13347
13348
13350
13351
13354
13361
13363
13364
13365
13368
13369
13370
13374
13375
13379
13382
13397
13400
13401
13407
13418
13419
13423
13424
13425
13437
13442
13445
13450
13454
13457
13465
13466
13467
13468
13469
13470
13471
13484
13489
13490
13494
13495
13498
13499
13500
13502
13505
13506
13510
13514
13515
13516
13522
13523
13525
13526
13534
13535
13536
13550
13557
13559
13566
13568
13569
13581
13582
13599
13611
13613
13614
13616
13621
13622
13629
13634
13635
13639
13640
13642
13643
13644
13645
13646
13658
13662
13663
13664
13665
13669
13676
13680
13681
13682
13684
13685
13687
13688
13689
13695
13696
13707
13708
13714
13730
13732
13735
13740
13741
13750
13757
13759
13760
13763
13769
13770
13771
13772
13780
13785
13798
13799
13800
13816
13817
13824
13825
13826
13828
13831
13832
13833
13834
13836
13841
13842
13843
13850
13866
13868
13869
13871
13873
13886
13887
13891
13892
13908
13923
14176
14177
14178
14179
14183
14184
14185
14186
14190
14197
14199
14202
14206
14210
14211
14213
14214
14220
14221
14222
14223
14224
14230
14231
14233
14235
14241
14242
14243
14246
14247
14248
14249
14266
14267
14268
14286
14290
14292
14293
14294
14295
14296
14297
14298
14302
14303
14305
14306
14307
14308
14327
14328
14329
14331
14332
14333
14334
14335
14336
14337
14338
14339
14340
14341
14342
14347
14348
14350
14351
14352
14356
14377
14379
14380
14388
14395
14396
14397
14398
14399
14400
14401
14402
14403
14404
14405
14406
14407
14408
14409
14410
14411
14412
14413
14414
14415
14416
14417
14418
14419
14420
14421
14422
14423
14424
14425
14426
14427
14428
14429
14431
14432
14433
14434
14435
14441
14442
14443
14449
14452
14454
14456
14459
14460
14461
14462
14463
14468
14469
14470
14471
14474
14475
14476
14478
14484
14485
14494
14502
14503
14505
14506
14507
14508
14509
14510
14511
14512
14514
14519
14520
14521
14522
14523
14524
14525
14526
14527
14528
14529
14538
14539
14540
14541
14544
14545
14546
14548
14549
14550
14551
14553
14554
14555
14556
14557
14558
14563
14564
14565
14573
14574
14575
14576
14577
14578
14583
14589
14590
14591
14597
14598
14603
14606
14616
14617
14618
14619
14620
14621
14622
14623
14624
14625
14638
14639
14641
14644
14647
14649
14656
14672
14673
14674
14679
14680
14681
14682
14694
14695
14697
14701
14703
14704
14707
14717
14718
14722
14739
14740
14791
14792
14793
14795
14797
14798
14815
14823
14831
14839
14840
14849
14853
14854
14857
14864
14866
14877
14880
14883
14895
14906
14907
14912
14913
14923
14925
14941
14956
14957
14958
14961
14963
14964
14980
14984
15073
15074
15075
15076
15112
15113
15116
15138
15149
15150
15152
15158
15166
15168
15169
15180
15182
15211
15212
15230
15231
15232
15233
15234
15235
15258
15259
15320
15323
15332
15333
15334
15340
15353
15355
15356
15365
15375
15377
15381
15382
15383
15384
15385
15386
15388
15389
15396
15397
15398
15405
15406
15408
15409
15419
15420
15421
15422
15424
15429
15430
15431
15432
15439
15442
15443
15452
15456
15457
15458
15459
15460
15463
15464
15465
15466
15468
15469
15470
15471
15472
15474
15479
15480
15483
15484
15485
15486
15495
15496
15500
15501
15504
15505
15506
15511
15512
15513
15516
15517
15518
15521
15523
15524
15525
15526
15536
15537
15538
15539
15540
15544
15545
15546
15551
15560
15561
15575
15578
15579
15580
15581
15583
15584
15591
15597
15598
15599
15600
15601
15602
15603
15604
15605
15606
15607
15608
15609
15610
15619
15620
15623
15634
15636
15637
15639
15650
15651
15652
15653
15656
15659
15660
15661
15662
15663
15664
15672
15677
15682
15683
15685
15689
15696
15700
15710
15711
15712
15713
15714
15721
15723
15729
15730
15736
15737
15743
15744
15765
15766
15767
15768
15769
15773
15777
15778
15779
15780
15781
15793
15794
15801
15802
15804
15805
15806
15807
15808
15809
15814
15815
15816
15817
15818
15823
15824
15826
15827
15857
15859
15860
15861
15863
15880
15881
15882
15905
15906
15907
15908
15927
15945
15957
15958
15962
15987
15988
15990
15991
15992
15997
15998
16008
16011
16012
16013
16014
16015
16016
16017
16018
16019
16020
16021
16022
16030
16034
16047
16052
16053
16054
16055
16056
16063
16066
16067
16068
16069
16072
16073
16074
16078
16079
16080
16081
16083
16084
16088
16089
16092
16093
16095
16110
16111
16114
16116
16122
16124
16132
16133
16142
16143
16146
16147
16151
16152
16153
16155
16166
16173
16174
16175
16182
16183
16194
16202
16206
16212
16219
16222
16223
16225
16230
16231
16233
16236
16237
16238
16250
16255
16256
16257
16258
16259
16260
16261
16262
16263
16265
16278
16279
16280
16281
16282
16284
16285
16286
16288
16294
16295
16296
16297
16298
16306
16309
16348
16350
16351
16352
16365
16368
16372
16373
16374
16396
16397
16403
16410
16411
16426
16434
16443
16451
16469
16471
16472
16473
16476
16477
16478
16486
16493
16494
16498
16499
16500
16501
16503
16504
16512
16514
16518
16521
16533
16538
16541
16543
16548
16549
16550
16552
16553
16556
16560
16570
16574
16578
16580
16583
16588
16594
16597
16610
16611
16612
16615
16618
16619
16630
16641
16646
16654
16655
16659
16660
16661
16664
16665
16666
16667
16670
16672
16682
16683
16685
16686
16687
16688
16689
16690
16691
16700
16704
16705
16706
16707
16710
16711
16714
16719
16720
16721
16722
16723
16724
16725
16726
16727
16728
16729
16730
16731
16734
16735
16747
16748
16749
16750
16751
16762
16763
16764
16765
16767
16792
16793
16808
16809
16813
16830
16831
16832
16833
16834
16837
16838
16841
16845
16846
16851
16853
16866
16878
16879
16886
16891
16902
16904
16908
16915
16920
16922
16923
16926
16937
16942
16944
16947
16958
16963
16964
16967
16969
16980
16991
16992
16993
16995
16997
17006
17007
17008
17018
17019
17020
17021
17022
17023
17024
17027
17028
17029
17042
17047
17051
17052
17059
17070
17071
17072
17079
17081
17085
17086
17087
17088
17092
17093
17096
17104
17106
17117
17127
17128
17131
17136
17140
17144
17145
17149
17150
17157
17158
17159
17162
17163
17172
17173
17180
17183
17184
17187
17199
17200
17201
17202
17203
17205
17207
17209
17210
17211
17212
17213
17214
17217
17218
17219
17225
17226
17230
17235
17274
17276
17279
17281
17282
17285
17286
17288
17292
17303
17310
17311
17312
17313
17315
17321
17324
17341
17344
17350
17351
17355
17366
17367
17368
17376
17377
17381
17382
17394
17400
17404
17405
17406
17407
17411
17413
17420
17421
17423
17424
17425
17426
17427
17428
17437
17438
17439
17445
17471
17472
17475
17476
17478
17479
17480
17485
17486
17489
17490
17491
17494
17495
17496
17500
17513
17514
17516
17520
17530
17535
17536
17537
17553
17554
17557
17559
17567
17574
17575
17576
17577
17578
17589
17592
17593
17595
17599
17600
17601
17605
17625
17626
17631
17647
17650
17651
17652
17653
17654
17663
17664
17665
17666
17667
17668
17671
17673
17675
17677
17678
17683
17695
17698
17699
17701
17702
17703
17719
17720
17724
17727
17747
17753
17764
17771
17772
17773
17774
17784
17789
17790
17791
17803
17811
17815
17816
17818
17819
17823
17824
17837
17838
17839
17840
17841
17843
17844
17847
17848
17849
17850
17851
17856
17860
17861
17862
17863
17864
17868
17869
17870
17874
17875
17887
17890
17910
17911
17919
17920
17923
17926
17927
17931
17934
17944
17946
17949
17950
17952
17953
17962
17963
17964
17965
17974
17975
17977
17980
17981
17982
17996
17997
17998
17999
18002
18006
18008
18009
18010
18013
18015
18021
18029
18030
18034
18035
18038
18046
18059
18060
18070
18074
18075
18086
18092
18093
18096
18097
18098
18100
18101
18104
18110
18111
18114
18116
18125
18132
18133
18134
18135
18136
18138
18142
18143
18152
18156
18161
18164
18165
18173
18174
18186
18187
18197
18199
18200
18201
18202
18203
18204
18205
18206
18207
18208
18209
18210
18223
18225
18226
18244
18246
18250
18258
18261
18263
18264
18265
18266
18270
18273
18275
18276
18277
18278
18279
18295
18307
18316
18318
18321
18322
18323
18332
18335
18337
18347
18348
18349
18352
18356
18357
18358
18363
18365
18379
18385
18389
18390
18391
18396
18397
18400
18406
18407
18408
18412
18413
18414
18415
18428
18432
18437
18438
18439
18442
18444
18445
18448
18449
18450
18461
18490
18491
18492
18497
18498
18501
18502
18504
18509
18510
18515
18516
18517
18521
18524
18525
18528
18529
18530
18532
18533
18538
18548
18558
18563
18567
18569
18570
18575
18577
18578
18592
18593
18594
18595
18601
18602
18603
18604
18605
18606
18607
18608
18612
18613
18615
18618
18619
18620
18621
18626
18630
18631
18633
18652
18653
18654
18655
18661
18662
18666
18668
18675
18676
18681
18682
18683
18685
18686
18687
18688
18689
18692
18693
18694
18705
18706
18707
18714
18715
18720
18723
18727
18730
18731
18738
18739
18740
18741
18742
18745
18746
18751
18758
18767
18768
18769
18772
18786
18787
18788
18789
18790
18791
18792
18794
18803
18805
18808
18830
18831
18832
18835
18836
18838
18839
18861
18862
18864
18871
18872
18880
18881
18882
18888
18892
18893
18894
18895
18897
18899
18903
18904
18909
18919
18920
18925
18928
18929
18930
18931
18942
18945
18952
18953
18954
18958
18959
18967
18973
18980
18998
19010
19011
19013
19017
19021
19034
19035
19036
19046
19049
19050
19051
19052
19055
19056
19057
19058
19059
19060
19078
19085
19094
19097
19099
19100
19111
19112
19133
19141
19149
19155
19169
19170
19191
19195
19196
19197
19198
19223
19227
19243
19249
19251
19254
19255
19265
19271
19272
19277
19281
19282
19283
19284
19285
19286
19287
19289
19290
19291
19292
19293
19294
19295
19296
19297
19298
19299
19328
19329
19346
19347
19348
19352
19353
19354
19376
19377
19382
19383
19384
19385
19390
19403
19404
19406
19414
19415
19416
19418
19419
19420
19421
19423
19430
19432
19458
19461
19465
19466
19472
19485
19486
19487
19488
19506
19507
19508
19511
19512
19513
19514
19515
19521
19522
19524
19525
19526
19527
19528
19529
19530
19531
19554
19557
19559
19562
19567
19568
19569
19577
19578
19599
19600
19601
19614
19618
19619
19625
19644
19646
19647
19653
19654
19658
19659
19660
19671
19672
19673
19674
19676
19697
19698
19699
19700
19701
19712
19716
19731
19732
19743
19744
19750
19768
19784
19792
19799
19811
19812
19813
19814
19832
19859
19873
19874
19875
19876
19877
19878
19879
19880
19881
19882
19889
19894
19895
19896
19897
19898
19899
19900
19901
19902
19910
19913
19925
19926
19949
19960
19961
19962
19963
19964
19965
19966
19967
19968
19971
19972
20010
20011
20012
20013
20024
20025
20026
20027
20028
20029
20030
20031
20032
20037
20038
20039
20045
20047
20048
20049
20050
20055
20063
20064
20065
20066
20067
20068
20177
20178
20179
20180
20184
20185
20188
20189
20190
20191
20192
20193
20194
20195
20196
20197
20198
20199
20200
20203
20223
20224
20225
20226
20227
20228
20229
20230
20231
20284
20285
20286
20287
20288
20289
20290
20291
20292
20293
20294
20295
20296
20297
20298
20299
20300
20301
20302
20303
20304
20305
20306
20307
20308
20309
20310
20311
20312
20313
20314
20315
20316
20317
20318
20337
20338
20339
20340
20341
20342
20347
20348
20360
20361
20362
20363
20364
20365
20366
20367
20368
20369
20370
20371
20372
20373
20374
20375
20376
20377
20378
20379
20380
20381
20382
20383
20384
20385
20386
20405
20406
20407
20408
20474
20475
20476
20477
20478
20479
20480
20484
20493
20495
20497
20501
20502
20503
20504
20505
20506
20507
20508
20510
20511
20526
20527
20528
20530
20535
20536
20537
20538
20539
20540
20541
20542
20543
20544
20545
20546
20547
20548
20553
20554
20555
20558
20559
20560
20562
20563
20564
20565
20566
20567
20568
20569
20570
20571
20572
20577
20578
20579
20582
20583
20584
20585
20586
20587
20588
20589
20590
20591
20603
20605
20606
20607
20609
20611
20612
20613
20614
20615
20616
20617
20618
20619
20620
20621
20622
20623
20625
20626
20627
20628
20629
20630
20631
20632
20633
20638
20639
20640
20647
20648
20649
20655
20659
20666
20675
20676
20677
20679
20680
20681
20682
20683
20684
20685
20686
20687
20688
20689
20690
20691
20694
20695
20696
20697
20698
20699
20706
20707
20708
20709
20710
20711
20712
20721
20730
20731
20732
20733
20734
20735
20736
20738
20739
20740
20745
20758
20759
20760
20761
20762
20763
20764
20765
20766
20767
20768
20769
20778
20780
20781
20782
20783
20784
20785
20786
20792
20800
20802
20803
20804
20805
20806
20807
20808
20809
20810
20811
20812
20813
20814
20816
20818
20821
20825
20826
20827
20830
20832
20833
20836
20837
20854
20855
20856
20857
20858
20859
20860
20861
20862
20863
20864
20865
20891
20892
20893
20894
20901
20903
20904
20905
20906
20909
20910
20911
20912
20913
20914
20915
20916
20917
20918
20919
20920
20921
20922
20935
20936
20939
20940
20942
20943
20944
20945
20946
20947
20953
20954
20956
20971
20972
20975
20976
20977
20978
20981
20997
20999
21000
21001
21003
21004
21005
21006
21009
21015
21016
21028
21029
21032
21033
21035
21036
21051
21054
21055
21062
21073
21074
21075
21077
21078
21079
21080
21081
21082
21083
21084
21089
21090
21091
21092
21093
21094
21095
21096
21097
21099
21100
21101
21102
21103
21106
21108
21118
21124
21125
21126
21127
21130
21131
21162
21163
21164
21165
21166
21167
21168
21169
21173
21179
21185
21189
21194
21195
21202
21209
21211
21214
21235
21236
21240
21243
21244
21245
21246
21248
21249
21250
21251
21252
21270
21271
21288
21302
21303
21304
21305
21306
21307
21308
21311
21313
21314
21316
21330
21331
21332
21333
21334
21335
21336
21354
21355
21356
21363
21364
21368
21369
21370
21372
21374
21375
21376
21377
21378
21379
21387
21388
21389
21401
21402
21411
21412
21413
21428
21429
21430
21431
21432
21437
21442
21443
21446
21447
21448
21457
21458
21459
21462
21463
21464
21465
21466
21467
21468
21469
21470
21471
21475
21480
21481
21485
21487
21499
21502
21504
21505
21507
21508
21509
21512
21519
21520
21525
21526
21527
21529
21530
21531
21549
21550
21551
21555
21558
21559
21560
21561
21563
21566
21567
21570
21571
21577
21580
21584
21585
21586
21587
21588
21589
21590
21597
21598
21599
21600
21601
21602
21605
21606
21607
21608
21609
21610
21611
21687
21715
21719
21722
21726
21735
21741
21763
21764
21769
21770
21771
21775
21776
21777
21778
21779
21780
21784
21785
21790
21794
21795
21798
21801
21812
21813
21814
21815
21816
21820
21821
21822
21824
21832
21833
21834
21835
21858
21864
21865
21901
21907
21908
21915
21917
21921
21922
21923
21924
21925
21928
21929
21930
21957
21961
21962
21972
21976
21977
21980
21981
21994
21995
21997
21998
21999
22001
22002
22003
22017
22019
22020
22030
22031
22034
22038
22039
22040
22041
22042
22043
22046
22047
22056
22057
22063
22087
22088
22090
22092
22093
22094
22105
22106
22108
22111
22112
22114
22116
22118
22119
22120
22122
22126
22127
22128
22130
22132
22136
22159
22160
22169
22170
22174
22196
22198
22199
22201
22202
22203
22204
22211
22212
22213
22214
22215
22216
22217
22234
22235
22243
22244
22247
22248
22251
22252
22264
22274
22275
22276
22277
22279
22284
22285
22286
22287
22288
22291
22292
22293
22294
22299
22308
22315
22326
22327
22328
22330
22351
22352
22354
22355
22359
22374
22380
22387
22399
22400
22421
22422
22432
22433
22434
22435
22440
22449
22456
22459
22460
22462
22469
22476
22480
22481
22482
22496
22524
22526
22545
22551
22553
22555
22557
22559
22573
22581
22590
22602
22603
22608
22612
22615
22627
22629
22631
22665
22666
22667
22672
22673
22687
22688
22689
22715
22720
22721
22747
22750
22754
22755
22756
22757
22758
22763
22764
22774
22775
22776
22777
22778
22781
22785
22786
22790
22791
22792
22793
22794
22799
22802
22812
22814
22816
22817
22820
22822
22826
22832
22836
22841
22843
22845
22847
22848
22864
22890
22892
22899
22907
22908
22948
22953
22954
22955
22959
22960
22972
22978
22979
22984
22990
22991
22998
23002
23004
23005
23020
23021
23023
23024
23035
23042
23046
23048
23053
23059
23081
23086
23092
23103
23125
23134
23146
23147
23148
23153
23155
23210
23212
23220
23252
23253
23256
23257
23258
23267
23271
23277
23304
23328
23330
23331
23336
23339
23340
23351
23377
23424
23425
23426
23427
23433
23434
23464
23477
23480
23482
23483
23490
23506
23507
23508
23522
23533
23548
23549
23571
23581
23584
23591
23605
23606
23613
23634
23644
23645
23650
23656
23657
23658
23659
23807
23808
23810
23821
23827
23842
23868
23874
23880
23888
23899
23939
23940
23941
23942
23945
23959
23977
23988
24006
24038
24044
24118
24136
24139
24146
24157
24169
24170
24195
24196
24197
24198
24199
24200
24201
24213
24218
24242
24252
24259
24262
24263
24266
24267
24268
24269
24274
24290
24291
24303
24304
24309
24310
24318
24322
24327
24328
24345
24357
24362
24368
24374
24388
24404
24420
24430
24450
24459
24467
24470
24493
24505
24508
24511
24512
24516
24517
24519
24535
24547
24561
24568
24584
24589
24593
24595
24597
24599
24611
24613
24626
24628
24632
24637
24640
24641
24647
24665
24669
24673
24688
24692
24694
24695
24696
24697
24698
24699
24700
24704
24706
24710
24711
24713
24715
24717
24719
24720
24721
24745
24751
24756
24760
24765
24771
24772
24774
24778
24780
24781
24785
24786
24787
24792
24801
24803
24804
24806
24811
24815
24827
24834
24839
24841
24850
24851
24852
24855
24856
24857
24862
24863
24865
24866
24869
24874
24878
24879
24880
24882
24885
24887
24888
24889
24890
24891
24894
24897
24900
24903
24905
24922
24923
24928
24931
24932
24938
24955
24960
24961
24964
24972
24975
24979
24982
24989
25000
25009
25012
25014
25030
25034
25058
25059
25062
25064
25065
25066
25070
25073
25075
25082
25087
25095
25100
25102
25104
25108
25113
25117
25119
25120
25128
25129
25133
25138
25141
25142
25143
25151
25156
25157
25160
25171
25173
25180
25185
25201
25203
25204
25210
25211
25222
25223
25224
25225
25227
25235
25238
25239
25243
25255
25256
25258
25269
25271
25274
25279
25295
25304
25306
25315
25318
25322
25336
25339
25341
25346
25347
25355
25357
25358
25360
25364
25372
25373
25382
25383
25384
25393
25401
25402
25406
25408
25412
25414
25425
25426
25437
25438
25442
25443
25444
25447
25449
25464
25465
25469
25473
25474
25475
25476
25477
25483
25487
25489
25498
25504
25506
25516
25517
25518
25522
25524
25530
25531
25533
25535
25536
25539
25541
25545
25546
25554
25556
25557
25559
25562
25563
25564
25566
25567
25568
25569
25570
25573
25575
25576
25578
25580
25581
25585
25586
25592
25593
25598
25602
25604
25605
25607
25608
25609
25610
25612
25615
25616
25618
25619
25622
25625
25626
25628
25633
25637
25645
25648
25650
25651
25652
25653
25657
25659
25663
25665
25666
25669
25670
25671
25677
25678
25681
25682
25683
25685
25686
25687
25689
25690
25692
25693
25696
25698
25703
25704
25708
25710
25714
25715
25718
25719
25723
25724
25727
25730
25733
25735
25738
25741
25749
25754
25757
25762
25766
25768
25769
25774
25777
25781
25782
25783
25786
25795
25797
25800
25805
25807
25809
25810
25811
25814
25822
25823
25824
25826
25827
25828
25831
25833
25842
25844
25845
25846
25847
25848
25849
25851
25852
25856
25857
25866
25868
25869
25871
25877
25878
25884
25892
25893
25895
25896
25898
25899
25904
25906
25914
25916
25921
25922
25923
25924
25926
25927
25930
25936
25938
25940
25942
25943
25945
25946
25947
25950
25953
25955
25959
25964
25968
25978
25980
25983
25988
25997
26004
26015
26023
26027
26036
26039
26043
26050
26059
26073
26074
26077
26080
26081
26082
26090
26093
26094
26095
26096
26104
26112
26121
26124
26126
26128
26133
26134
26137
26138
26141
26144
26146
26152
26156
26157
26159
26163
26167
26169
26171
26172
26175
26184
26186
26187
26188
26196
26200
26201
26204
26214
26218
26219
26222
26230
26249
26256
26258
26261
26264
26265
26267
26275
26285
26286
26290
26292
26306
26308
26314
26315
26316
26318
26319
26336
26339
26344
26345
26348
26353
26356
26364
26372
26380
26382
26390
26393
26395
26404
26411
26415
26421
26440
26442
26443
26456
26458
26459
26474
26477
26488
26491
26499
26501
26515
26522
26523
26535
26540
26548
26554
26556
26562
26563
26576
26580
26581
26582
26584
26586
26587
26588
26590
26592
26596
26597
26599
26600
26606
26611
26614
26617
26629
26637
26638
26640
26655
26659
26660
26664
26669
26678
26692
26695
26696
26698
26699
26700
26701
26706
26709
26715
26719
26727
26729
26730
26732
26740
26742
26743
26750
26757
26767
26771
26776
26787
26789
26794
26804
26808
26809
26812
26813
26819
26835
26842
26843
26844
26847
26850
26852
26856
26860
26869
26875
26880
26881
26883
26888
26897
26898
26905
26907
26908
26917
26919
26922
26923
26927
26928
26940
26941
26942
26943
26944
26952
26955
26956
26960
26961
26962
26966
26969
26975
26976
26978
26984
26985
26989
26991
26992
26994
26997
27002
27003
27006
27007
27012
27025
27031
27047
27050
27064
27065
27066
27069
27071
27084
27086
27091
27104
27106
27108
27110
27132
27133
27139
27141
27144
27156
27159
27160
27164
27165
27166
27171
27176
27177
27180
27197
27201
27202
27204
27207
27208
27212
27216
27218
27223
27224
27231
27232
27236
27239
27249
27250
27253
27257
27259
27262
27266
27267
27270
27271
27276
27277
27284
27286
27288
27294
27295
27297
27299
27304
27309
27312
27322
27325
27326
27327
27329
27343
27345
27352
27353
27357
27358
27360
27362
27363
27368
27371
27372
27375
27381
27384
27394
27397
27398
27411
27412
27416
27418
27423
27425
27428
27434
27437
27438
27441
27452
27453
27456
27467
27468
27470
27479
27481
27483
27486
27489
27492
27494
27495
27502
27508
27513
27520
27521
27522
27525
27527
27535
27540
27545
27548
27550
27557
27558
27561
27563
27564
27573
27574
27575
27577
27580
27584
27588
27589
27601
27604
27608
27614
27615
27617
27625
27638
27646
27647
27648
27655
27658
27660
27661
27668
27672
27674
27675
27681
27683
27684
27688
27692
27699
27706
27708
27711
27712
27715
27720
27722
27726
27730
27731
27734
27737
27738
27740
27745
27746
27747
27749
27751
27752
27753
27756
27758
27759
27762
27763
27764
27767
27768
27776
27777
27778
27779
27785
27786
27800
27803
27805
27817
27819
27825
27826
27827
27828
27834
27837
27838
27842
27845
27850
27853
27860
27863
27870
27875
27879
27881
27885
27888
27891
27895
27898
27903
27913
27921
27922
27924
27929
27935
27939
27945
27947
27948
27949
27950
27958
27960
27963
27972
27975
27977
27991
27993
27995
27998
27999
28000
28001
28003
28009
28012
28022
28023
28024
28025
28027
28029
28030
28045
28048
28058
28059
28060
28065
28066
28067
28069
28072
28074
28080
28081
28083
28087
28088
28090
28092
28093
28098
28100
28104
28105
28114
28116
28120
28121
28123
28126
28127
28129
28131
28138
28141
28145
28146
28152
28162
28163
28174
28184
28185
28186
28188
28189
28191
28196
28200
28204
28208
28213
28218
28220
28225
28230
28231
28233
28239
28249
28254
28255
28257
28258
28260
28261
28262
28265
28266
28269
28272
28279
28280
28282
28286
28290
28293
28296
28300
28302
28303
28304
28306
28308
28309
28316
28318
28322
28323
28325
28331
28334
28335
28337
28341
28346
28350
28355
28357
28358
28359
28361
28364
28368
28374
28376
28378
28383
28386
28389
28391
28392
28396
28397
28399
28402
28405
28411
28413
28416
28418
28422
28424
28432
28436
28440
28441
28443
28444
28446
28447
28455
28456
28458
28462
28463
28464
28465
28468
28471
28472
28479
28493
28495
28497
28506
28510
28513
28516
28518
28519
28522
28527
28534
28537
28538
28542
28546
28548
28549
28559
28562
28566
28567
28569
28570
28572
28573
28575
28576
28577
28584
28589
28593
28594
28599
28602
28608
28610
28613
28625
28628
28634
28637
28639
28640
28641
28643
28645
28649
28656
28657
28659
28662
28667
28671
28673
28674
28683
28688
28689
28693
28695
28698
28701
28705
28718
28729
28733
28735
28740
28743
28744
28757
28760
28765
28776
28781
28782
28783
28787
28788
28789
28792
28795
28798
28800
28801
28807
28808
28815
28817
28824
28830
28833
28837
28839
28846
28849
28854
28855
28863
28864
28867
28874
28875
28876
28878
28887
28893
28908
28909
28912
28916
28918
28926
28929
28930
28934
28935
28941
28944
28949
28950
28957
28958
28961
28973
28978
28980
28981
28988
28991
28992
28998
28999
29001
29002
29004
29006
29013
29021
29027
29031
29037
29039
29041
29044
29047
29050
29052
29063
29066
29067
29081
29082
29085
29086
29088
29093
29097
29100
29121
29129
29131
29132
29141
29142
29147
29148
29150
29151
29152
29153
29154
29157
29159
29160
29163
29164
29165
29171
29181
29186
29194
29197
29199
29207
29209
29214
29216
29219
29231
29238
29243
29245
29248
29254
29260
29265
29267
29269
29274
29275
29277
29278
29281
29288
29289
29292
29301
29311
29313
29316
29318
29321
29331
29333
29335
29337
29341
29343
29345
29346
29349
29361
29374
29378
29381
29387
29391
29396
29398
29402
29404
29408
29411
29414
29415
29418
29426
29428
29430
29431
29432
29433
29434
29437
29439
29440
29446
29449
29455
29458
29459
29461
29464
29468
29470
29472
29477
29478
29482
29486
29488
29490
29493
29495
29497
29507
29510
29511
29517
29525
29529
29531
29537
29540
29541
29546
29549
29550
29554
29557
29559
29560
29561
29563
29565
29567
29568
29571
29573
29576
29582
29584
29586
29594
29596
29599
29601
29603
29604
29607
29611
29616
29619
29620
29623
29624
29632
29640
29641
29643
29644
29647
29648
29649
29650
29652
29656
29657
29658
29664
29666
29669
29670
29671
29674
29675
29684
29685
29686
29692
29697
29698
29699
29700
29701
29702
29704
29720
29723
29726
29727
29729
29732
29740
29750
29752
29753
29759
29763
29770
29775
29776
29778
29780
29782
29785
29788
29789
29795
29797
29799
29804
29808
29809
29810
29817
29821
29822
29824
29825
29826
29828
29831
29835
29836
29837
29841
29842
29845
29852
29854
29863
29864
29865
29867
29870
29871
29872
29873
29881
29882
29883
29885
29886
29887
29890
29892
29896
29897
29906
29912
29913
29915
29917
29921
29924
29925
29926
29930
29932
29934
29935
29941
29943
29951
29953
29954
29957
29962
29972
29979
29990
29992
29994
29997
30002
30006
30008
30009
30016
30019
30020
30021
30022
30027
30031
30033
30038
30044
30048
30056
30062
30073
30075
30076
30079
30082
30083
30085
30089
30098
30100
30106
30109
30117
30119
30122
30124
30126
30127
30128
30137
30144
30145
30146
30152
30154
30157
30160
30167
30168
30169
30173
30176
30179
30181
30182
30186
30188
30192
30197
30198
30203
30206
30208
30210
30214
30217
30218
30220
30223
30225
30233
30238
30245
30247
30248
30251
30256
30257
30261
30267
30269
30273
30274
30279
30280
30281
30284
30285
30291
30298
30301
30302
30303
30308
30314
30317
30327
30328
30335
30336
30337
30338
30340
30343
30346
30347
30349
30350
30351
30357
30359
30365
30375
30382
30388
30391
30393
30394
30396
30397
30400
30403
30411
30412
30413
30422
30430
30436
30437
30444
30454
30456
30458
30460
30461
30469
30471
30473
30478
30485
30496
30497
30498
30499
30500
30509
30513
30515
30517
30527
30528
30529
30532
30538
30544
30546
30548
30551
30556
30559
30573
30574
30575
30576
30577
30582
30584
30586
30587
30588
30590
30598
30605
30610
30611
30616
30623
30632
30633
30643
30651
30658
30666
30667
30668
30677
30678
30679
30684
30688
30689
30691
30693
30698
30699
30702
30705
30708
30709
30712
30713
30717
30718
30720
30722
30728
30733
30739
30740
30743
30749
30757
30760
30761
30774
30776
30781
30788
30790
30793
30795
30800
30802
30812
30813
30818
30827
30829
30830
30834
30835
30836
30837
30840
30841
30847
30848
30853
30868
30869
30877
30881
30882
30884
30887
30888
30894
30898
30900
30904
30906
30907
30909
30911
30919
30922
30924
30928
30930
30932
30933
30937
30942
30951
30956
30958
30959
30967
30968
30969
30971
30972
30973
30978
30982
30985
30987
30988
30995
30997
30999
31000
31008
31011
31012
31013
31018
31022
31025
31026
31033
31034
31036
31037
31044
31045
31050
31054
31064
31068
31074
31084
31085
31093
31100
31103
31108
31111
31118
31119
31120
31125
31127
31131
31132
31134
31144
31146
31155
31156
31164
31166
31167
31169
31177
31180
31186
31188
31189
31195
31204
31205
31206
31213
31221
31222
31223
31229
31230
31235
31239
31242
31245
31257
31261
31263
31265
31267
31268
31269
31276
31279
31287
31291
31292
31298
31299
31311
31315
31317
31326
31328
31329
31330
31332
31335
31336
31340
31356
31361
31369
31376
31380
31383
31391
31396
31401
31430
31431
31432
31433
31434
31435
31436
31442
31443
31444
31445
31446
31447
31472
31476
31478
31481
31483
31489
31493
31501
31504
31519
31522
31523
31525
31528
31530
31532
31533
31536
31538
31540
31542
31544
31545
31558
31561
31573
31574
31578
31584
31602
31607
31608
31609
31614
31616
31618
31626
31628
31629
31631
31633
31661
31662
31663
31664
31665
31666
31667
31668
31669
31670
31671
31672
31673
31674
31675
31676
31677
31678
31679
31680
31681
31682
31683
31684
31685
31686
31687
31688
31689
31690
31691
31692
31693
31694
31695
31696
31697
31698
31699
31700
31701
31702
31703
31704
31705
31706
31707
31708
31709
31710
31711
31712
31713
31714
31715
31716
31717
31718
31719
31720
31721
31722
31723
31724
31725
31726
31727
31728
31729
31730
31731
31732
31733
31734
31735
31736
31737
31738
31739
31740
31741
31742
31743
31744
31745
31746
31747
31748
31749
31750
31751
31752
31753
31754
31755
31756
31757
31758
31759
31760
31761
31762
31763
31764
31765
31766
31767
31768
31769
31770
31771
31772
31773
31774
31775
31776
31777
31778
31779
31780
31781
31782
31783
31784
31785
31786
31787
31788
31789
31790
31791
31792
31793
31794
31795
31796
31797
31798
31799
31800
31801
31802
31803
31804
31805
31806
31807
31808
31809
31810
31811
31812
31813
31814
31815
31816
31817
31818
31819
31820
31821
31822
32253
32260
32272
32343
32344
32345
32352
32353
32371
32372
32396
32456
32457
32458
32459
32460
32461
32462
32463
32467
32468
32483
32484
32496
32497
32501
32502
32522
32523
32530
32537
32538
32539
32541
32542
32543
32544
32545
32546
32547
32548
32549
32550
32551
32552
32553
32554
32555
32556
32557
32558
32559
32560
32561
32562
32563
32564
32565
32566
32567
32568
32569
32570
32571
32572
32573
32574
32575
32576
32577
32578
32579
32580
32581
32582
32583
32584
32585
32586
32587
32588
32589
32590
32591
32592
32593
32594
32595
32596
32597
32598
32599
32600
32601
32602
32603
32604
32605
32606
32607
32608
32609
32610
32611
32612
32613
32614
32615
32616
32617
32618
32619
32620
32621
32622
32623
32624
32625
32626
32627
32628
32629
32630
32631
32632
32633
32634
32635
32636
32637
32638
32639
32640
32641
32642
32643
32644
32645
32646
32647
32648
32649
32650
32651
32652
32653
32654
32655
32656
32657
32658
32659
32660
32661
32662
32663
32664
32665
32666
32667
32668
32669
32670
32671
32672
32673
32674
32675
32676
32677
32678
32679
32680
32681
32682
32683
32684
32685
32686
32687
32716
32717
32718
32719
32720
32721
32722
32723
32724
32725
32726
32727
32728
32737
32740
32741
32742
32749
32752
32754
32755
32758
32759
32762
32816
32818
32819
32864
32865
33075
33079
33104
33110
33114
33134
33135
33184
33185
33198
33199
33200
33201
33202
33203
33204
33205
33212
33213
33218
33219
33220
33253
33254
33259
33294
33449
33509
33511
33545
33570
33572
33597
33598
33599
33600
33601
33602
33603
33604
33605
33606
33607
33608
33609
33610
33611
33612
33613
33641
33642
33643
33644
33645
33646
33647
33648
33649
33650
33651
33652
33653
33654
33655
33656
33657
33658
33659
33660
33661
33662
33663
33664
33665
33666
33667
33668
33669
33670
33671
33672
33673
33674
33675
33676
33677
33678
33679
33680
33681
33682
33683
33684
33685
33686
33687
33688
33689
33690
33691
33692
33693
33694
33695
33696
33697
33698
33699
33700
33701
33702
33703
33704
33705
33706
33707
33708
33709
33710
33711
33712
33713
33714
33715
33716
33717
33718
33719
33720
33721
33722
33723
33724
33725
33726
33727
33728
33729
33730
33731
33732
33733
33734
33735
33736
33737
33738
33739
33740
33741
33742
33743
33744
33745
33746
33749
33751
33752
33765
33766
33770
33772
33928
33929
33930
33933
33957
33959
33960
33989
34021
34022
34023
34024
34025
34066
34067
34068
34069
34076
34107
34116
34117
34118
34119
34120
34121
34122
34123
34124
34125
34126
34127
34128
34129
34130
34131
34132
34133
34134
34135
34136
34137
34138
34139
34140
34141
34142
34143
34144
34145
34146
34147
34148
34149
34150
34151
34152
34153
34154
34155
34156
34157
34158
34159
34160
34161
34162
34163
34164
34165
34166
34167
34168
34169
34170
34171
34172
34173
34174
34175
34176
34177
34178
34179
34180
34181
34182
34183
34184
34185
34186
34187
34188
34189
34190
34191
34192
34193
34194
34195
34196
34197
34198
34199
34200
34201
34202
34203
34204
34205
34206
34207
34208
34209
34210
34211
34212
34213
34214
34215
34216
34217
34218
34219
34220
34221
34222
34223
34224
34225
34226
34227
34228
34229
34230
34231
34232
34233
34234
34235
34236
34237
34238
34239
34240
34241
34242
34243
34244
34245
34246
34247
34248
34249
34250
34251
34252
34253
34254
34255
34256
34257
34258
34259
34260
34261
34262
34263
34264
34265
34266
34267
34268
34269
34270
34271
34272
34273
34274
34275
34276
34277
34278
34279
34280
34281
34282
34283
34284
34285
34286
34287
34288
34289
34290
34291
34292
34293
34294
34295
34296
34297
34298
34299
34300
34301
34302
34303
34304
34305
34306
34307
34308
34309
34310
34311
34312
34313
34314
34315
34316
34317
34318
34319
34320
34321
34322
34323
34324
34325
34326
34327
34328
34329
34330
34331
34332
34333
34383
34393
34395
34398
34399
34400
34401
34402
34403
34404
34405
34407
34418
34419
34420
34433
34441
34447
34448
34449
34451
34461
34466
34469
34472
34473
34477
34478
34564
34565
34574
34580
34582
34586
34605
34606
34607
34797
34798
34799
34800
34801
34802
34803
34804
34805
34806
34807
34808
34809
34810
34811
34812
34813
34814
34815
34816
34817
34818
34819
34820
34821
34822
34823
34824
34825
34826
34827
34828
34829
34830
34831
34832
34833
34834
34835
34836
34837
34838
34839
34840
34841
34842
34843
34844
34845
34846
34847
34848
34849
34850
34851
34852
34853
34854
34855
34856
34857
34858
34859
34860
34861
34862
34863
34864
34865
34866
34867
34868
34869
34870
34871
34872
34873
34874
34877
34878
34995
34996
34997
34998
35006
35007
35015
35030
35031
35036
35047
35048
35049
35050
35086
35088
35089
35126
35127
35141
35169
35170
35171
35172
35173
35201
35202
35213
35239
35254
35255
35256
35257
35258
35294
35300
35301
35303
35304
35311
35312
35313
35327
35328
35329
35330
35339
35340
35341
35342
35343
35359
35360
35361
35363
35364
35365
35366
35367
35368
35369
35370
35371
35372
35373
35374
35375
35376
35377
35378
35379
35380
35381
35382
35383
35384
35385
35386
35387
35388
35389
35390
35391
35437
35443
35448
35452
35453
35454
35463
35489
35971
35972
35973
35974
35975
35976
35977
35978
35979
35980
35981
35982
35983
35984
35985
35986
35987
35988
35989
35990
35991
35992
35993
35994
35995
35996
35997
35998
35999
36002
36005
36006
36007
36008
36009
36010
36011
36012
36014
36015
36039
36043
36044
36045
36046
36047
36048
36049
36050
36051
36052
36053
36054
36055
36056
36057
36058
36059
36060
36061
36062
36063
36064
36065
36066
36067
36068
36069
36070
36071
36072
36073
36076
36077
36091
36183
36184
36188
36190
36206
36209
36210
36211
36212
36213
36214
36215
36216
36217
36218
36219
36220
36221
36222
36223
36224
36244
36276
36277
36292
36382
36383
36401
36417
36431
36445
36446
36447
36448
36449
36450
36451
36452
36453
36454
36455
36456
36457
36458
36459
36460
36461
36462
36463
36464
36465
36466
36467
36468
36469
36470
36471
36472
36473
36474
36475
36476
36477
36478
36479
36480
36481
36482
36483
36484
36485
36486
36487
36488
36489
36490
36491
36492
36493
36494
36495
36496
36497
36498
36499
36500
36501
36502
36503
36509
36510
36511
36512
36513
36514
36515
36516
36517
36518
36519
36520
36521
36522
36523
36524
36525
36526
36527
36528
36529
36530
36531
36532
36533
36534
36535
36536
36537
36538
36539
36543
36546
36548
36549
36550
36551
36552
36553
36554
36555
36556
36557
36558
36559
36560
36561
36562
36563
36564
36570
36572
36573
36574
36575
36576
36577
36578
36579
36580
36581
36582
36583
36584
36585
36586
36587
36588
36589
36621
36632
36661
36662
36663
36664
36665
36666
36667
36668
36669
36670
36671
36672
36673
36674
36690
36695
36696
36697
36698
36699
36700
36701
36702
36703
36704
36705
36706
36707
36708
36709
36710
36714
36715
36716
36717
36718
36719
36731
36732
36733
36734
36735
36736
36737
36738
36739
36740
36741
36742
36763
36764
36776
36780
36781
36782
36783
36784
36785
36794
36795
36796
36797
36798
36799
36800
36801
36810
36816
36817
36818
36833
36834
36835
36836
36837
36838
36839
36840
36841
36842
36843
36844
36845
36846
36864
36871
36872
36873
36874
36875
36876
36877
36878
36879
36880
36881
36882
36883
36884
36885
36886
36899
36900
36901
36902
36903
36904
36905
36906
36923
36925
36926
36927
36928
36929
36930
36931
36932
36933
36934
36935
36936
36937
36938
36939
36940
36941
36955
36956
36957
36958
36959
36960
36961
36962
36963
36964
36965
36966
36967
36994
36995
37004
37119
37120
37127
37139
37140
37141
37142
37143
37144
37145
37146
37147
37148
37149
37150
37151
37152
37153
37154
37155
37156
37157
37158
37159
37160
37161
37162
37163
37164
37165
37166
37167
37168
37169
37170
37171
37172
37173
37174
37175
37176
37177
37178
37179
37180
37181
37182
37183
37184
37185
37190
37191
37192
37193
37194
37195
37196
37198
37201
37212
37213
37214
37257
37258
37301
37302
37303
37304
37310
37317
37391
37392
37393
37394
37429
37430
37431
37445
37451
37452
37454
37471
37472
37473
37475
37476
37478
37492
37493
37494
37495
37496
37497
37498
37499
37500
37501
37502
37503
37504
37505
37506
37507
37508
37509
37510
37511
37512
37513
37514
37515
37516
37517
37518
37519
37520
37521
37522
37523
37524
37525
37526
37527
37528
37529
37530
37531
37532
37533
37534
37535
37536
37537
37538
37667
37687
37710
37711
37713
37714
37715
37771
37772
37773
37774
37775
37776
37777
37778
37779
37780
37781
37782
37783
37784
37785
37786
37787
37788
37789
37790
37791
37792
37793
37794
37795
37796
37797
37798
37799
37800
37801
37802
37807
37808
37810
37848
37851
37852
37853
37854
37855
37856
37857
37858
37859
37860
37861
37862
37863
37864
37867
37868
37871
37873
37875
37876
37877
37885
37889
37891
37895
37898
37899
37901
37903
37904
37911
37912
37913
37914
37915
37916
37917
37918
37919
37920
37921
37922
37923
37924
37925
37926
37927
37928
37929
37930
37931
37932
37933
37934
37935
37936
37937
37938
37939
37940
37941
37942
37943
37944
37945
37946
37947
37948
37949
37950
37951
37952
37953
37954
37955
37956
37957
37958
37959
37960
37961
37963
37966
37970
37971
37972
37974
37977
37979
37980
37982
37983
37986
37987
37992
37993
38002
38003
38005
38006
38008
38009
38010
38014
38024
38026
38035
38036
38037
38038
38039
38040
38041
38042
38043
38044
38045
38047
38048
38049
38050
38051
38055
38056
38057
38058
38059
38060
38061
38062
38063
38064
38065
38066
38067
38068
38069
38070
38071
38072
38073
38074
38075
38076
38077
38078
38079
38080
38081
38082
38083
38084
38085
38086
38111
38112
38113
38114
38119
38121
38122
38123
38124
38126
38127
38128
38129
38134
38136
38137
38138
38139
38140
38142
38143
38148
38149
38150
38154
38155
38172
38173
38174
38175
38176
38177
38178
38179
38180
38181
38182
38183
38184
38185
38186
38187
38188
38189
38190
38191
38192
38193
38194
38195
38196
38197
38198
38199
38200
38201
38202
38203
38204
38205
38206
38207
38208
38209
38210
38211
38214
38217
38221
38222
38223
38224
38226
38230
38232
38233
38234
38238
38244
38248
38249
38252
38254
38255
38256
38259
38265
38270
38273
38275
38276
38277
38278
38279
38284
38286
38287
38288
38289
38291
38293
38298
38299
38311
38312
38319
38322
38323
38327
38328
38333
38334
38335
38337
38338
38339
38343
38345
38346
38347
38348
38350
38352
38353
38356
38357
38358
38361
38366
38369
38371
38372
38373
38374
38377
38381
38382
38417
38418
38419
38420
38421
38424
38431
38501
38536
38537
38538
38610
38622
38623
38624
38625
38626
38627
38628
38629
38630
38631
38632
38633
38634
38635
38636
38637
38638
38639
38640
38641
38642
38645
38659
38665
38666
38667
38748
38749
38750
38753
38754
38755
38756
38757
38770
38772
38773
38778
38783
38792
38793
38795
38796
38797
38798
38799
38803
38896
38898
38900
38901
38907
38908
38918
38928
38929
38931
38933
38939
38941
38942
38943
38944
38945
38946
38947
38956
38959
38960
38962
38966
38967
38968
38974
38975
38977
38980
38982
38983
38984
38999
39003
39014
39018
39025
39027
39028
39030
39031
39032
39033
39034
39036
39037
39040
39042
39043
39044
39045
39046
39050
39056
39068
39070
39072
39074
39080
39082
39083
39087
39088
39089
39090
39093
39140
39149
39153
39156
39157
39160
39162
39163
39164
39168
39169
39170
39171
39173
39175
39176
39178
39179
39180
39181
39182
39183
39184
39185
39188
39191
39204
39211
39215
39218
39228
39234
39236
39237
39246
39250
39251
39265
39266
39272
39280
39281
39290
39293
39315
39316
39320
39321
39322
39323
39324
39325
39326
39327
39328
39329
39330
39331
39332
39362
39364
39365
39367
39371
39384
39390
39392
39393
39394
39395
39397
39398
39401
39419
39420
39428
39434
39440
39451
39454
39455
39459
39461
39463
39464
39465
39475
39476
39479
39483
39484
39490
39491
39502
39506
39528
39529
39530
39535
39537
39542
39547
39967
39969
39985
39986
39987
39988
39989
39990
39991
39992
39993
39994
39995
39996
39997
39998
39999
40001
40024
40027
40028
40029
40032
40050
40055
40060
40061
40062
40064
40069
40070
40071
40072
40076
40078
40079
40088
40094
40095
40119
40124
40125
40133
40135
40138
40139
40146
40147
40148
40149
40150
40151
40152
40155
40162
40163
40164
40166
40179
40183
40184
40186
40187
40189
40190
40198
40206
40207
40208
40209
40210
40219
40221
40231
40234
40235
40236
40237
40239
40240
40241
40242
40246
40265
40269
40271
40272
40285
40300
40301
40306
40309
40312
40313
40318
40319
40320
40321
40328
40329
40330
40331
40332
40343
40345
40348
40349
40362
40373
40374
40375
40377
40378
40387
40388
40391
40393
40394
40395
40396
40398
40402
40403
40408
40409
40410
40413
40422
40423
40424
40430
40434
40441
40442
40443
40444
40445
40446
40450
40451
40453
40454
40455
40464
40465
40469
40472
40512
40514
40521
40525
40526
40527
40528
40529
40530
40531
40532
40533
40534
40535
40536
40537
40538
40539
40540
40541
40542
40543
40544
40545
40546
40547
40548
40549
40550
40551
40552
40553
40554
40555
40556
40557
40558
40559
40560
40561
40562
40563
40564
40565
40566
40567
40568
40569
40570
40571
40572
40573
40574
40575
40576
40577
40578
40579
40580
40581
40582
40583
40584
40585
40586
40587
40588
40589
40590
40591
40592
40593
40594
40595
40596
40597
40598
40599
40600
40601
40602
40603
40604
40605
40606
40607
40608
40609
40610
40611
40612
40613
40614
40615
40616
40617
40618
40619
40620
40621
40622
40623
40624
40625
40626
40627
40628
40629
40630
40631
40632
40633
40634
40635
40636
40637
40638
40639
40640
40641
40642
40643
40644
40645
40662
40663
40664
40665
40666
40667
40668
40669
40670
40676
40677
40678
40679
40680
40681
40682
40683
40684
40685
40686
40687
40688
40689
40690
40691
40692
40693
40694
40695
40696
40697
40698
40701
40702
40703
40704
40709
40710
40711
40768
40769
40770
40772
40778
40779
40780
40781
40789
40790
40793
40797
40799
40800
40811
40815
40816
40817
40818
40826
40827
40829
40833
40842
40845
40846
40848
40850
40861
40862
40863
40866
40870
40879
40896
40901
40906
40914
40915
40916
40920
40921
40922
40923
40924
40925
40926
40930
40935
40936
40945
40960
40961
40962
40963
40971
40972
40973
40974
40975
40976
40977
40985
40986
40987
40988
40998
40999
41001
41002
41003
41004
41005
41013
41014
41032
41033
41034
41035
41036
41037
41038
41039
41042
41043
41044
41045
41046
41057
41059
41060
41061
41063
41079
41080
41086
41090
41091
41092
41093
41094
41126
41127
41348
41354
41355
41368
41369
41387
41388
41391
41396
41398
41399
41403
41406
41410
41411
41413
41421
41431
41444
41445
41452
41453
41473
41477
41478
41479
41480
41481
41482
41483
41484
41485
41486
41487
41492
41495
41517
41525
41526
41535
41559
41560
41564
41573
41580
41583
41585
41594
41606
41607
41616
41630
41636
41637
41659
41661
41681
41682
41714
41715
41716
41737
41738
41739
41748
41756
41760
41765
41806
41807
41821
41822
41825
41841
41847
41848
41874
41875
41882
41900
41904
41909
41915
41916
41917
41918
41919
41920
41921
41925
41926
41927
41941
41944
41945
41949
41950
41962
41963
41970
41980
41983
41984
41985
41986
41987
41988
41989
41990
41991
41992
41993
41994
41995
41996
41997
41998
41999
42000
42001
42002
42003
42004
42006
42007
42008
42012
42013
42014
42020
42021
42028
42029
42030
42031
42037
42038
42039
42040
42041
42042
42044
42045
42046
42047
42048
42050
42051
42055
42061
42062
42063
42064
42071
42072
42074
42075
42078
42079
42080
42081
42082
42120
42129
42130
42131
42132
42133
42134
42135
42141
42142
42148
42153
42158
42159
42160
42163
42182
42183
42185
42186
42193
42201
42207
42208
42212
42221
42229
42236
42240
42249
42250
42256
42257
42258
42259
42261
42264
42266
42267
42268
42273
42274
42275
42277
42278
42289
42290
42294
42301
42303
42304
42305
42306
42307
42330
42332
42335
42336
42341
42342
42343
42344
42345
42346
42347
42348
42349
42353
42354
42360
42363
42364
42365
42369
42370
42371
42374
42375
42376
42377
42378
42379
42380
42381
42384
42389
42390
42391
42393
42396
42397
42398
42400
42401
42423
42424
42425
42426
42427
42429
42430
42431
42432
42435
42442
42443
42444
42445
42446
42447
42448
42449
42450
42451
42452
42453
42454
42461
42462
42463
42468
42469
42470
42471
42472
42476
42477
42478
42479
42480
42481
42483
42487
42488
42494
42495
42496
42504
42505
42508
42509
42511
42521
42524
42528
42546
42547
42548
42566
42574
42583
42587
42590
42598
42602
42603
42606
42607
42608
42610
42616
42617
42620
42629
42633
42634
42635
42676
42677
42678
42679
42680
42681
42682
42683
42684
42685
42700
42704
42705
42706
42727
42734
42747
42822
42823
42824
42825
42826
42828
42829
42830
42831
42845
42846
42847
42849
42860
42863
42864
42865
42891
42893
42896
42899
42906
42911
42912
42913
42914
42920
42921
42933
42954
42971
42972
42973
42976
42977
42978
42985
42986
42993
42994
43017
43032
43033
43034
43041
43051
43055
43056
43057
43058
43063
43064
43065
43066
43068
43069
43072
43079
43081
43082
43083
43086
43087
43088
43092
43093
43097
43100
43115
43118
43119
43125
43136
43137
43141
43142
43143
43155
43160
43163
43168
43172
43175
43183
43184
43185
43186
43187
43188
43189
43202
43207
43208
43212
43213
43216
43217
43218
43220
43223
43224
43228
43232
43233
43234
43240
43241
43243
43244
43252
43253
43254
43268
43275
43277
43284
43286
43287
43299
43300
43317
43329
43331
43332
43334
43339
43340
43347
43352
43353
43357
43358
43360
43361
43362
43363
43364
43376
43380
43381
43382
43383
43387
43394
43398
43399
43400
43402
43403
43405
43406
43407
43413
43414
43425
43426
43432
43448
43450
43453
43458
43459
43468
43475
43477
43478
43481
43487
43488
43489
43490
43498
43503
43516
43517
43518
43534
43535
43542
43543
43544
43546
43549
43550
43551
43552
43554
43559
43560
43561
43568
43584
43586
43587
43589
43591
43604
43605
43609
43610
43626
43641
43894
43895
43896
43897
43901
43902
43903
43904
43908
43915
43917
43920
43924
43928
43929
43931
43932
43938
43939
43940
43941
43942
43948
43949
43951
43953
43959
43960
43961
43964
43965
43966
43967
43984
43985
43986
44004
44008
44010
44011
44012
44013
44014
44015
44016
44020
44021
44023
44024
44025
44026
44045
44046
44047
44049
44050
44051
44052
44053
44054
44055
44056
44057
44058
44059
44060
44065
44066
44068
44069
44070
44074
44095
44097
44098
44106
44113
44114
44115
44116
44117
44118
44119
44120
44121
44122
44123
44124
44125
44126
44127
44128
44129
44130
44131
44132
44133
44134
44135
44136
44137
44138
44139
44140
44141
44142
44143
44144
44145
44146
44147
44149
44150
44151
44152
44153
44159
44160
44161
44167
44170
44172
44174
44177
44178
44179
44180
44181
44186
44187
44188
44189
44192
44193
44194
44196
44202
44203
44212
44220
44221
44223
44224
44225
44226
44227
44228
44229
44230
44232
44237
44238
44239
44240
44241
44242
44243
44244
44245
44246
44247
44256
44257
44258
44259
44262
44263
44264
44266
44267
44268
44269
44271
44272
44273
44274
44275
44276
44281
44282
44283
44291
44292
44293
44294
44295
44296
44301
44307
44308
44309
44315
44316
44321
44324
44334
44335
44336
44337
44338
44339
44340
44341
44342
44343
44356
44357
44359
44362
44365
44367
44374
44390
44391
44392
44397
44398
44399
44400
44412
44413
44415
44419
44421
44422
44425
44435
44436
44440
44457
44458
44509
44510
44511
44513
44515
44516
44533
44541
44549
44557
44558
44567
44571
44572
44575
44582
44584
44595
44598
44601
44613
44624
44625
44630
44631
44641
44643
44659
44674
44675
44676
44679
44681
44682
44698
44702
44791
44792
44793
44794
44830
44831
44834
44856
44867
44868
44870
44876
44884
44886
44887
44898
44900
44929
44930
44948
44949
44950
44951
44952
44953
44976
44977
45038
45041
45050
45051
45052
45058
45071
45073
45074
45083
45093
45095
45099
45100
45101
45102
45103
45104
45106
45107
45114
45115
45116
45123
45124
45126
45127
45137
45138
45139
45140
45142
45147
45148
45149
45150
45157
45160
45161
45170
45174
45175
45176
45177
45178
45181
45182
45183
45184
45186
45187
45188
45189
45190
45192
45197
45198
45201
45202
45203
45204
45213
45214
45218
45219
45222
45223
45224
45229
45230
45231
45234
45235
45236
45239
45241
45242
45243
45244
45254
45255
45256
45257
45258
45262
45263
45264
45269
45278
45279
45293
45296
45297
45298
45299
45301
45302
45309
45315
45316
45317
45318
45319
45320
45321
45322
45323
45324
45325
45326
45327
45328
45337
45338
45341
45352
45354
45355
45357
45368
45369
45370
45371
45374
45377
45378
45379
45380
45381
45382
45390
45395
45400
45401
45403
45407
45414
45418
45428
45429
45430
45431
45432
45439
45441
45447
45448
45454
45455
45461
45462
45483
45484
45485
45486
45487
45491
45495
45496
45497
45498
45499
45511
45512
45519
45520
45522
45523
45524
45525
45526
45527
45532
45533
45534
45535
45536
45541
45542
45544
45545
45575
45577
45578
45579
45581
45598
45599
45600
45623
45624
45625
45626
45645
45663
45675
45676
45680
45705
45706
45708
45709
45710
45715
45716
45726
45729
45730
45731
45732
45733
45734
45735
45736
45737
45738
45739
45740
45748
45752
45765
45770
45771
45772
45773
45774
45781
45784
45785
45786
45787
45790
45791
45792
45796
45797
45798
45799
45801
45802
45806
45807
45810
45811
45813
45828
45829
45832
45834
45840
45842
45850
45851
45860
45861
45864
45865
45869
45870
45871
45873
45884
45891
45892
45893
45900
45901
45912
45920
45924
45930
45937
45940
45941
45943
45948
45949
45951
45954
45955
45956
45968
45973
45974
45975
45976
45977
45978
45979
45980
45981
45983
45996
45997
45998
45999
46000
46002
46003
46004
46006
46012
46013
46014
46015
46016
46024
46027
46066
46068
46069
46070
46083
46086
46090
46091
46092
46114
46115
46121
46128
46129
46144
46152
46161
46169
46187
46189
46190
46191
46194
46195
46196
46204
46211
46212
46216
46217
46218
46219
46221
46222
46230
46232
46236
46239
46251
46256
46259
46261
46266
46267
46268
46270
46271
46274
46278
46288
46292
46296
46298
46301
46306
46312
46315
46328
46329
46330
46333
46336
46337
46348
46359
46364
46372
46373
46377
46378
46379
46382
46383
46384
46385
46388
46390
46400
46401
46403
46404
46405
46406
46407
46408
46409
46418
46422
46423
46424
46425
46428
46429
46432
46437
46438
46439
46440
46441
46442
46443
46444
46445
46446
46447
46448
46449
46452
46453
46465
46466
46467
46468
46469
46480
46481
46482
46483
46485
46510
46511
46526
46527
46531
46548
46549
46550
46551
46552
46555
46556
46559
46563
46564
46569
46571
46584
46596
46597
46604
46609
46620
46622
46626
46633
46638
46640
46641
46644
46655
46660
46662
46665
46676
46681
46682
46685
46687
46698
46709
46710
46711
46713
46715
46724
46725
46726
46736
46737
46738
46739
46740
46741
46742
46745
46746
46747
46760
46765
46769
46770
46777
46788
46789
46790
46797
46799
46803
46804
46805
46806
46810
46811
46814
46822
46824
46835
46845
46846
46849
46854
46858
46862
46863
46867
46868
46875
46876
46877
46880
46881
46890
46891
46898
46901
46902
46905
46917
46918
46919
46920
46921
46923
46925
46927
46928
46929
46930
46931
46932
46935
46936
46937
46943
46944
46948
46953
46992
46994
46997
46999
47000
47003
47004
47006
47010
47021
47028
47029
47030
47031
47033
47039
47042
47059
47062
47068
47069
47073
47084
47085
47086
47094
47095
47099
47100
47112
47118
47122
47123
47124
47125
47129
47131
47138
47139
47141
47142
47143
47144
47145
47146
47155
47156
47157
47163
47189
47190
47193
47194
47196
47197
47198
47203
47204
47207
47208
47209
47212
47213
47214
47218
47231
47232
47234
47238
47248
47253
47254
47255
47271
47272
47275
47277
47285
47292
47293
47294
47295
47296
47307
47310
47311
47313
47317
47318
47319
47323
47343
47344
47349
47365
47368
47369
47370
47371
47372
47381
47382
47383
47384
47385
47386
47389
47391
47393
47395
47396
47401
47413
47416
47417
47419
47420
47421
47437
47438
47442
47445
47465
47471
47482
47489
47490
47491
47492
47502
47507
47508
47509
47521
47529
47533
47534
47536
47537
47541
47542
47555
47556
47557
47558
47559
47561
47562
47565
47566
47567
47568
47569
47574
47578
47579
47580
47581
47582
47586
47587
47588
47592
47593
47605
47608
47628
47629
47637
47638
47641
47644
47645
47649
47652
47662
47664
47667
47668
47670
47671
47680
47681
47682
47683
47692
47693
47695
47698
47699
47700
47714
47715
47716
47717
47720
47724
47726
47727
47728
47731
47733
47739
47747
47748
47752
47753
47756
47764
47777
47778
47788
47792
47793
47804
47810
47811
47814
47815
47816
47818
47819
47822
47828
47829
47832
47834
47843
47850
47851
47852
47853
47854
47856
47860
47861
47870
47874
47879
47882
47883
47891
47892
47904
47905
47915
47917
47918
47919
47920
47921
47922
47923
47924
47925
47926
47927
47928
47941
47943
47944
47962
47964
47968
47976
47979
47981
47982
47983
47984
47988
47991
47993
47994
47995
47996
47997
48013
48025
48034
48036
48039
48040
48041
48050
48053
48055
48065
48066
48067
48070
48074
48075
48076
48081
48083
48097
48103
48107
48108
48109
48114
48115
48118
48124
48125
48126
48130
48131
48132
48133
48146
48150
48155
48156
48157
48160
48162
48163
48166
48167
48168
48179
48208
48209
48210
48215
48216
48219
48220
48222
48227
48228
48233
48234
48235
48239
48242
48243
48246
48247
48248
48250
48251
48256
48266
48276
48281
48285
48287
48288
48293
48295
48296
48310
48311
48312
48313
48319
48320
48321
48322
48323
48324
48325
48326
48330
48331
48333
48336
48337
48338
48339
48344
48348
48349
48351
48370
48371
48372
48373
48379
48380
48384
48386
48393
48394
48399
48400
48401
48403
48404
48405
48406
48407
48410
48411
48412
48423
48424
48425
48432
48433
48438
48441
48445
48448
48449
48456
48457
48458
48459
48460
48463
48464
48469
48476
48485
48486
48487
48490
48504
48505
48506
48507
48508
48509
48510
48512
48521
48523
48526
48548
48549
48550
48553
48554
48556
48557
48579
48580
48582
48589
48590
48598
48599
48600
48606
48610
48611
48612
48613
48615
48617
48621
48622
48627
48637
48638
48643
48646
48647
48648
48649
48660
48663
48670
48671
48672
48676
48677
48685
48691
48698
48716
48728
48729
48731
48735
48739
48752
48753
48754
48764
48767
48768
48769
48770
48773
48774
48775
48776
48777
48778
48796
48803
48812
48815
48817
48818
48829
48830
48851
48859
48867
48873
48887
48888
48909
48913
48914
48915
48916
48941
48945
48961
48967
48969
48972
48973
48983
48989
48990
48995
48999
49000
49001
49002
49003
49004
49005
49007
49008
49009
49010
49011
49012
49013
49014
49015
49016
49017
49046
49047
49064
49065
49066
49070
49071
49072
49094
49095
49100
49101
49102
49103
49108
49121
49122
49124
49132
49133
49134
49136
49137
49138
49139
49141
49148
49150
49176
49179
49183
49184
49190
49203
49204
49205
49206
49224
49225
49226
49229
49230
49231
49232
49233
49239
49240
49242
49243
49244
49245
49246
49247
49248
49249
49272
49275
49277
49280
49285
49286
49287
49295
49296
49317
49318
49319
49332
49336
49337
49343
49362
49364
49365
49371
49372
49376
49377
49378
49389
49390
49391
49392
49394
49415
49416
49417
49418
49419
49430
49434
49449
49450
49461
49462
49468
49486
49502
49510
49517
49529
49530
49531
49532
49550
49577
49591
49592
49593
49594
49595
49596
49597
49598
49599
49600
49607
49612
49613
49614
49615
49616
49617
49618
49619
49620
49628
49631
49643
49644
49667
49678
49679
49680
49681
49682
49683
49684
49685
49686
49689
49690
49728
49729
49730
49731
49742
49743
49744
49745
49746
49747
49748
49749
49750
49755
49756
49757
49763
49765
49766
49767
49768
49773
49781
49782
49783
49784
49785
49786
49895
49896
49897
49898
49902
49903
49906
49907
49908
49909
49910
49911
49912
49913
49914
49915
49916
49917
49918
49921
49941
49942
49943
49944
49945
49946
49947
49948
49949
50002
50003
50004
50005
50006
50007
50008
50009
50010
50011
50012
50013
50014
50015
50016
50017
50018
50019
50020
50021
50022
50023
50024
50025
50026
50027
50028
50029
50030
50031
50032
50033
50034
50035
50036
50055
50056
50057
50058
50059
50060
50065
50066
50078
50079
50080
50081
50082
50083
50084
50085
50086
50087
50088
50089
50090
50091
50092
50093
50094
50095
50096
50097
50098
50099
50100
50101
50102
50103
50104
50123
50124
50125
50126
50192
50193
50194
50195
50196
50197
50198
50202
50211
50213
50215
50219
50220
50221
50222
50223
50224
50225
50226
50228
50229
50244
50245
50246
50248
50253
50254
50255
50256
50257
50258
50259
50260
50261
50262
50263
50264
50265
50266
50271
50272
50273
50276
50277
50278
50280
50281
50282
50283
50284
50285
50286
50287
50288
50289
50290
50295
50296
50297
50300
50301
50302
50303
50304
50305
50306
50307
50308
50309
50321
50323
50324
50325
50327
50329
50330
50331
50332
50333
50334
50335
50336
50337
50338
50339
50340
50341
50343
50344
50345
50346
50347
50348
50349
50350
50351
50356
50357
50358
50365
50366
50367
50373
50377
50384
50393
50394
50395
50397
50398
50399
50400
50401
50402
50403
50404
50405
50406
50407
50408
50409
50412
50413
50414
50415
50416
50417
50424
50425
50426
50427
50428
50429
50430
50439
50448
50449
50450
50451
50452
50453
50454
50456
50457
50458
50463
50476
50477
50478
50479
50480
50481
50482
50483
50484
50485
50486
50487
50496
50498
50499
50500
50501
50502
50503
50504
50510
50518
50520
50521
50522
50523
50524
50525
50526
50527
50528
50529
50530
50531
50532
50534
50536
50539
50543
50544
50545
50548
50550
50551
50554
50555
50572
50573
50574
50575
50576
50577
50578
50579
50580
50581
50582
50583
50609
50610
50611
50612
50619
50621
50622
50623
50624
50627
50628
50629
50630
50631
50632
50633
50634
50635
50636
50637
50638
50639
50640
50653
50654
50657
50658
50660
50661
50662
50663
50664
50665
50671
50672
50674
50689
50690
50693
50694
50695
50696
50699
50715
50717
50718
50719
50721
50722
50723
50724
50727
50733
50734
50746
50747
50750
50751
50753
50754
50769
50772
50773
50780
50791
50792
50793
50795
50796
50797
50798
50799
50800
50801
50802
50807
50808
50809
50810
50811
50812
50813
50814
50815
50817
50818
50819
50820
50821
50824
50826
50836
50842
50843
50844
50845
50848
50849
50880
50881
50882
50883
50884
50885
50886
50887
50891
50897
50903
50907
50912
50913
50920
50927
50929
50932
50953
50954
50958
50961
50962
50963
50964
50966
50967
50968
50969
50970
50988
50989
51006
51020
51021
51022
51023
51024
51025
51026
51029
51031
51032
51034
51048
51049
51050
51051
51052
51053
51054
51072
51073
51074
51081
51082
51086
51087
51088
51090
51092
51093
51094
51095
51096
51097
51105
51106
51107
51119
51120
51129
51130
51131
51146
51147
51148
51149
51150
51155
51160
51161
51164
51165
51166
51175
51176
51177
51180
51181
51182
51183
51184
51185
51186
51187
51188
51189
51193
51198
51199
51203
51205
51217
51220
51222
51223
51225
51226
51227
51230
51237
51238
51243
51244
51245
51247
51248
51249
51267
51268
51269
51273
51276
51277
51278
51279
51281
51284
51285
51288
51289
51295
51298
51302
51303
51304
51305
51306
51307
51308
51315
51316
51317
51318
51319
51320
51323
51324
51325
51326
51327
51328
51329
51405
51433
51437
51440
51444
51453
51459
51481
51482
51487
51488
51489
51493
51494
51495
51496
51497
51498
51502
51503
51508
51512
51513
51516
51519
51530
51531
51532
51533
51534
51538
51539
51540
51542
51550
51551
51552
51553
51576
51582
51583
51619
51625
51626
51633
51635
51639
51640
51641
51642
51643
51646
51647
51648
51675
51679
51680
51690
51694
51695
51698
51699
51712
51713
51715
51716
51717
51719
51720
51721
51735
51737
51738
51748
51749
51752
51756
51757
51758
51759
51760
51761
51764
51765
51774
51775
51781
51805
51806
51808
51810
51811
51812
51823
51824
51826
51829
51830
51832
51834
51836
51837
51838
51840
51844
51845
51846
51848
51850
51854
51877
51878
51887
51888
51892
51914
51916
51917
51919
51920
51921
51922
51929
51930
51931
51932
51933
51934
51935
51952
51953
51961
51962
51965
51966
51969
51970
51982
51992
51993
51994
51995
51997
52002
52003
52004
52005
52006
52009
52010
52011
52012
52017
52026
52033
52044
52045
52046
52048
52069
52070
52072
52073
52077
52092
52098
52105
52117
52118
52139
52140
52150
52151
52152
52153
52158
52167
52174
52177
52178
52180
52187
52194
52198
52199
52200
52214
52242
52244
52263
52269
52271
52273
52275
52277
52291
52299
52308
52320
52321
52326
52330
52333
52345
52347
52349
52383
52384
52385
52390
52391
52405
52406
52407
52433
52438
52439
52465
52468
52472
52473
52474
52475
52476
52481
52482
52492
52493
52494
52495
52496
52499
52503
52504
52508
52509
52510
52511
52512
52517
52520
52530
52532
52534
52535
52538
52540
52544
52550
52554
52559
52561
52563
52565
52566
52582
52608
52610
52617
52625
52626
52666
52671
52672
52673
52677
52678
52690
52696
52697
52702
52708
52709
52716
52720
52722
52723
52738
52739
52741
52742
52753
52760
52764
52766
52771
52777
52799
52804
52810
52821
52843
52852
52864
52865
52866
52871
52873
52928
52930
52938
52970
52971
52974
52975
52976
52985
52989
52995
53022
53046
53048
53049
53054
53057
53058
53069
53095
53142
53143
53144
53145
53151
53152
53182
53195
53198
53200
53201
53208
53224
53225
53226
53240
53251
53266
53267
53289
53299
53302
53309
53323
53324
53331
53352
53362
53363
53368
53374
53375
53376
53377
53525
53526
53528
53539
53545
53560
53586
53592
53598
53606
53617
53657
53658
53659
53660
53663
53677
53695
53706
53724
53756
53762
53836
53854
53857
53864
53875
53887
53888
53913
53914
53915
53916
53917
53918
53919
53931
53936
53960
53970
53977
53980
53981
53984
53985
53986
53987
53992
54008
54009
54021
54022
54027
54028
54036
54040
54045
54046
54063
54075
54080
54086
54092
54106
54122
54138
54148
54168
54177
54185
54188
54211
54223
54226
54229
54230
54234
54235
54237
54253
54265
54279
54286
54302
54307
54311
54313
54315
54317
54329
54331
54344
54346
54350
54355
54358
54359
54365
54383
54387
54391
54406
54410
54412
54413
54414
54415
54416
54417
54418
54422
54424
54428
54429
54431
54433
54435
54437
54438
54439
54463
54469
54474
54478
54483
54489
54490
54492
54496
54498
54499
54503
54504
54505
54510
54519
54521
54522
54524
54529
54533
54545
54552
54557
54559
54568
54569
54570
54573
54574
54575
54580
54581
54583
54584
54587
54592
54596
54597
54598
54600
54603
54605
54606
54607
54608
54609
54612
54615
54618
54621
54623
54640
54641
54646
54649
54650
54656
54673
54678
54679
54682
54690
54693
54697
54700
54707
54718
54727
54730
54732
54748
54752
54776
54777
54780
54782
54783
54784
54788
54791
54793
54800
54805
54813
54818
54820
54822
54826
54831
54835
54837
54838
54846
54847
54851
54856
54859
54860
54861
54869
54874
54875
54878
54889
54891
54898
54903
54919
54921
54922
54928
54929
54940
54941
54942
54943
54945
54953
54956
54957
54961
54973
54974
54976
54987
54989
54992
54997
55013
55022
55024
55033
55036
55040
55054
55057
55059
55064
55065
55073
55075
55076
55078
55082
55090
55091
55100
55101
55102
55111
55119
55120
55124
55126
55130
55132
55143
55144
55155
55156
55160
55161
55162
55165
55167
55182
55183
55187
55191
55192
55193
55194
55195
55201
55205
55207
55216
55222
55224
55234
55235
55236
55240
55242
55248
55249
55251
55253
55254
55257
55259
55263
55264
55272
55274
55275
55277
55280
55281
55282
55284
55285
55286
55287
55288
55291
55293
55294
55296
55298
55299
55303
55304
55310
55311
55316
55320
55322
55323
55325
55326
55327
55328
55330
55333
55334
55336
55337
55340
55343
55344
55346
55351
55355
55363
55366
55368
55369
55370
55371
55375
55377
55381
55383
55384
55387
55388
55389
55395
55396
55399
55400
55401
55403
55404
55405
55407
55408
55410
55411
55414
55416
55421
55422
55426
55428
55432
55433
55436
55437
55441
55442
55445
55448
55451
55453
55456
55459
55467
55472
55475
55480
55484
55486
55487
55492
55495
55499
55500
55501
55504
55513
55515
55518
55523
55525
55527
55528
55529
55532
55540
55541
55542
55544
55545
55546
55549
55551
55560
55562
55563
55564
55565
55566
55567
55569
55570
55574
55575
55584
55586
55587
55589
55595
55596
55602
55610
55611
55613
55614
55616
55617
55622
55624
55632
55634
55639
55640
55641
55642
55644
55645
55648
55654
55656
55658
55660
55661
55663
55664
55665
55668
55671
55673
55677
55682
55686
55696
55698
55701
55706
55715
55722
55733
55741
55745
55754
55757
55761
55768
55777
55791
55792
55795
55798
55799
55800
55808
55811
55812
55813
55814
55822
55830
55839
55842
55844
55846
55851
55852
55855
55856
55859
55862
55864
55870
55874
55875
55877
55881
55885
55887
55889
55890
55893
55902
55904
55905
55906
55914
55918
55919
55922
55932
55936
55937
55940
55948
55967
55974
55976
55979
55982
55983
55985
55993
56003
56004
56008
56010
56024
56026
56032
56033
56034
56036
56037
56054
56057
56062
56063
56066
56071
56074
56082
56090
56098
56100
56108
56111
56113
56122
56129
56133
56139
56158
56160
56161
56174
56176
56177
56192
56195
56206
56209
56217
56219
56233
56240
56241
56253
56258
56266
56272
56274
56280
56281
56294
56298
56299
56300
56302
56304
56305
56306
56308
56310
56314
56315
56317
56318
56324
56329
56332
56335
56347
56355
56356
56358
56373
56377
56378
56382
56387
56396
56410
56413
56414
56416
56417
56418
56419
56424
56427
56433
56437
56445
56447
56448
56450
56458
56460
56461
56468
56475
56485
56489
56494
56505
56507
56512
56522
56526
56527
56530
56531
56537
56553
56560
56561
56562
56565
56568
56570
56574
56578
56587
56593
56598
56599
56601
56606
56615
56616
56623
56625
56626
56635
56637
56640
56641
56645
56646
56658
56659
56660
56661
56662
56670
56673
56674
56678
56679
56680
56684
56687
56693
56694
56696
56702
56703
56707
56709
56710
56712
56715
56720
56721
56724
56725
56730
56743
56749
56765
56768
56782
56783
56784
56787
56789
56802
56804
56809
56822
56824
56826
56828
56850
56851
56857
56859
56862
56874
56877
56878
56882
56883
56884
56889
56894
56895
56898
56915
56919
56920
56922
56925
56926
56930
56934
56936
56941
56942
56949
56950
56954
56957
56967
56968
56971
56975
56977
56980
56984
56985
56988
56989
56994
56995
57002
57004
57006
57012
57013
57015
57017
57022
57027
57030
57040
57043
57044
57045
57047
57061
57063
57070
57071
57075
57076
57078
57080
57081
57086
57089
57090
57093
57099
57102
57112
57115
57116
57129
57130
57134
57136
57141
57143
57146
57152
57155
57156
57159
57170
57171
57174
57185
57186
57188
57197
57199
57201
57204
57207
57210
57212
57213
57220
57226
57231
57238
57239
57240
57243
57245
57253
57258
57263
57266
57268
57275
57276
57279
57281
57282
57291
57292
57293
57295
57298
57302
57306
57307
57319
57322
57326
57332
57333
57335
57343
57356
57364
57365
57366
57373
57376
57378
57379
57386
57390
57392
57393
57399
57401
57402
57406
57410
57417
57424
57426
57429
57430
57433
57438
57440
57444
57448
57449
57452
57455
57456
57458
57463
57464
57465
57467
57469
57470
57471
57474
57476
57477
57480
57481
57482
57485
57486
57494
57495
57496
57497
57503
57504
57518
57521
57523
57535
57537
57543
57544
57545
57546
57552
57555
57556
57560
57563
57568
57571
57578
57581
57588
57593
57597
57599
57603
57606
57609
57613
57616
57621
57631
57639
57640
57642
57647
57653
57657
57663
57665
57666
57667
57668
57676
57678
57681
57690
57693
57695
57709
57711
57713
57716
57717
57718
57719
57721
57727
57730
57740
57741
57742
57743
57745
57747
57748
57763
57766
57776
57777
57778
57783
57784
57785
57787
57790
57792
57798
57799
57801
57805
57806
57808
57810
57811
57816
57818
57822
57823
57832
57834
57838
57839
57841
57844
57845
57847
57849
57856
57859
57863
57864
57870
57880
57881
57892
57902
57903
57904
57906
57907
57909
57914
57918
57922
57926
57931
57936
57938
57943
57948
57949
57951
57957
57967
57972
57973
57975
57976
57978
57979
57980
57983
57984
57987
57990
57997
57998
58000
58004
58008
58011
58014
58018
58020
58021
58022
58024
58026
58027
58034
58036
58040
58041
58043
58049
58052
58053
58055
58059
58064
58068
58073
58075
58076
58077
58079
58082
58086
58092
58094
58096
58101
58104
58107
58109
58110
58114
58115
58117
58120
58123
58129
58131
58134
58136
58140
58142
58150
58154
58158
58159
58161
58162
58164
58165
58173
58174
58176
58180
58181
58182
58183
58186
58189
58190
58197
58211
58213
58215
58224
58228
58231
58234
58236
58237
58240
58245
58252
58255
58256
58260
58264
58266
58267
58277
58280
58284
58285
58287
58288
58290
58291
58293
58294
58295
58302
58307
58311
58312
58317
58320
58326
58328
58331
58343
58346
58352
58355
58357
58358
58359
58361
58363
58367
58374
58375
58377
58380
58385
58389
58391
58392
58401
58406
58407
58411
58413
58416
58419
58423
58436
58447
58451
58453
58458
58461
58462
58475
58478
58483
58494
58499
58500
58501
58505
58506
58507
58510
58513
58516
58518
58519
58525
58526
58533
58535
58542
58548
58551
58555
58557
58564
58567
58572
58573
58581
58582
58585
58592
58593
58594
58596
58605
58611
58626
58627
58630
58634
58636
58644
58647
58648
58652
58653
58659
58662
58667
58668
58675
58676
58679
58691
58696
58698
58699
58706
58709
58710
58716
58717
58719
58720
58722
58724
58731
58739
58745
58749
58755
58757
58759
58762
58765
58768
58770
58781
58784
58785
58799
58800
58803
58804
58806
58811
58815
58818
58839
58847
58849
58850
58859
58860
58865
58866
58868
58869
58870
58871
58872
58875
58877
58878
58881
58882
58883
58889
58899
58904
58912
58915
58917
58925
58927
58932
58934
58937
58949
58956
58961
58963
58966
58972
58978
58983
58985
58987
58992
58993
58995
58996
58999
59006
59007
59010
59019
59029
59031
59034
59036
59039
59049
59051
59053
59055
59059
59061
59063
59064
59067
59079
59092
59096
59099
59105
59109
59114
59116
59120
59122
59126
59129
59132
59133
59136
59144
59146
59148
59149
59150
59151
59152
59155
59157
59158
59164
59167
59173
59176
59177
59179
59182
59186
59188
59190
59195
59196
59200
59204
59206
59208
59211
59213
59215
59225
59228
59229
59235
59243
59247
59249
59255
59258
59259
59264
59267
59268
59272
59275
59277
59278
59279
59281
59283
59285
59286
59289
59291
59294
59300
59302
59304
59312
59314
59317
59319
59321
59322
59325
59329
59334
59337
59338
59341
59342
59350
59358
59359
59361
59362
59365
59366
59367
59368
59370
59374
59375
59376
59382
59384
59387
59388
59389
59392
59393
59402
59403
59404
59410
59415
59416
59417
59418
59419
59420
59422
59438
59441
59444
59445
59447
59450
59458
59468
59470
59471
59477
59481
59488
59493
59494
59496
59498
59500
59503
59506
59507
59513
59515
59517
59522
59526
59527
59528
59535
59539
59540
59542
59543
59544
59546
59549
59553
59554
59555
59559
59560
59563
59570
59572
59581
59582
59583
59585
59588
59589
59590
59591
59599
59600
59601
59603
59604
59605
59608
59610
59614
59615
59624
59630
59631
59633
59635
59639
59642
59643
59644
59648
59650
59652
59653
59659
59661
59669
59671
59672
59675
59680
59690
59697
59708
59710
59712
59715
59720
59724
59726
59727
59734
59737
59738
59739
59740
59745
59749
59751
59756
59762
59766
59774
59780
59791
59793
59794
59797
59800
59801
59803
59807
59816
59818
59824
59827
59835
59837
59840
59842
59844
59845
59846
59855
59862
59863
59864
59870
59872
59875
59878
59885
59886
59887
59891
59894
59897
59899
59900
59904
59906
59910
59915
59916
59921
59924
59926
59928
59932
59935
59936
59938
59941
59943
59951
59956
59963
59965
59966
59969
59974
59975
59979
59985
59987
59991
59992
59997
59998
59999
60002
60003
60009
60016
60019
60020
60021
60026
60032
60035
60045
60046
60053
60054
60055
60056
60058
60061
60064
60065
60067
60068
60069
60075
60077
60083
60093
60100
60106
60109
60111
60112
60114
60115
60118
60121
60129
60130
60131
60140
60148
60154
60155
60162
60172
60174
60176
60178
60179
60187
60189
60191
60196
60203
60214
60215
60216
60217
60218
60227
60231
60233
60235
60245
60246
60247
60250
60256
60262
60264
60266
60269
60274
60277
60291
60292
60293
60294
60295
60300
60302
60304
60305
60306
60308
60316
60323
60328
60329
60334
60341
60350
60351
60361
60369
60376
60384
60385
60386
60395
60396
60397
60402
60406
60407
60409
60411
60416
60417
60420
60423
60426
60427
60430
60431
60435
60436
60438
60440
60446
60451
60457
60458
60461
60467
60475
60478
60479
60492
60494
60499
60506
60508
60511
60513
60518
60520
60530
60531
60536
60545
60547
60548
60552
60553
60554
60555
60558
60559
60565
60566
60571
60586
60587
60595
60599
60600
60602
60605
60606
60612
60616
60618
60622
60624
60625
60627
60629
60637
60640
60642
60646
60648
60650
60651
60655
60660
60669
60674
60676
60677
60685
60686
60687
60689
60690
60691
60696
60700
60703
60705
60706
60713
60715
60717
60718
60726
60729
60730
60731
60736
60740
60743
60744
60751
60752
60754
60755
60762
60763
60768
60772
60782
60786
60792
60802
60803
60811
60818
60821
60826
60829
60836
60837
60838
60843
60845
60849
60850
60852
60862
60864
60873
60874
60882
60884
60885
60887
60895
60898
60904
60906
60907
60913
60922
60923
60924
60931
60939
60940
60941
60947
60948
60953
60957
60960
60963
60975
60979
60981
60983
60985
60986
60987
60994
60997
61005
61009
61010
61016
61017
61029
61033
61035
61044
61046
61047
61048
61050
61053
61054
61058
61074
61079
61087
61094
61098
61101
61109
61114
61119
)


// ************************************************************************* //
