/*--------------------------------*- C++ -*----------------------------------*\
| =========                 |                                                 |
| \\      /  F ield         | OpenFOAM: The Open Source CFD Toolbox           |
|  \\    /   O peration     | Version:  v2012                                 |
|   \\  /    A nd           | Website:  www.openfoam.com                      |
|    \\/     M anipulation  |                                                 |
\*---------------------------------------------------------------------------*/
FoamFile
{
    version     2.0;
    format      ascii;
    class       labelList;
    location    "constant/polyMesh";
    object      cellProcAddressing;
}
// * * * * * * * * * * * * * * * * * * * * * * * * * * * * * * * * * * * * * //


14804
(
8
10
14
21
25
30
42
51
70
75
77
78
84
94
99
100
108
109
110
113
135
137
148
159
168
171
173
176
179
183
186
196
199
213
220
221
229
230
239
246
253
264
270
271
273
274
279
284
287
294
300
308
314
315
316
317
321
322
327
338
348
351
359
362
368
371
372
375
376
391
400
413
435
436
437
438
446
455
457
461
462
486
489
504
512
513
521
523
529
530
534
537
548
552
556
560
562
569
579
585
598
600
609
610
620
621
623
630
632
637
639
641
646
647
648
668
673
676
680
682
689
691
692
703
705
706
712
726
727
729
730
738
740
742
745
746
748
755
759
772
773
774
786
790
804
824
828
832
835
837
846
851
854
858
860
864
872
873
883
887
902
907
917
922
926
931
938
940
952
965
979
981
982
984
988
996
999
1000
1021
1026
1027
1029
1032
1035
1044
1056
1058
1066
1078
1079
1080
1083
1088
1089
1092
1102
1112
1117
1118
1119
1123
1131
1137
1138
1139
1147
1153
1155
1157
1163
1164
1169
1174
1175
1179
1188
1190
1200
1206
1217
1218
1227
1234
1235
1236
1240
1241
1244
1246
1248
1250
1253
1258
1264
1268
1270
1279
1282
1285
1287
1288
1289
1291
1293
1297
1301
1303
1305
1306
1311
1315
1318
1328
1332
1337
1358
1361
1365
1373
1375
1377
1378
1381
1394
1395
1396
1399
1404
1410
1419
1421
1423
1424
1430
1433
1436
1437
1438
1444
1445
1447
1448
1455
1458
1462
1468
1469
1470
1471
1477
1486
1488
1489
1490
1498
1499
1504
1508
1510
1511
1518
1519
1521
1522
1524
1527
1531
1534
1538
1539
1549
1551
1557
1565
1567
1571
1572
1574
1585
1586
1588
1598
1599
1602
1606
1607
1611
1612
1616
1637
1643
1645
1649
1661
1663
1664
1670
1672
1678
1680
1695
1698
1704
1708
1712
1720
1724
1729
1731
1732
1733
1734
1740
1741
1742
1745
1746
1747
1748
1752
1754
1762
1764
1774
1777
1778
1781
1792
1795
1799
1803
1804
1806
1807
1816
1824
1827
1831
1839
1842
1843
1845
1846
1847
1848
1854
1864
1873
1877
1882
1885
1891
1894
1896
1898
1903
1905
1907
1910
1911
1913
1916
1922
1924
1931
1932
1933
1952
1957
1959
1973
1975
1981
1983
1986
1987
1989
1995
1998
2011
2013
2014
2016
2017
2019
2025
2026
2027
2033
2034
2039
2042
2045
2053
2056
2057
2058
2062
2071
2076
2081
2082
2083
2084
2085
2088
2090
2099
2106
2108
2112
2118
2126
2131
2135
2138
2140
2145
2146
2151
2154
2159
2161
2163
2165
2167
2168
2169
2175
2178
2187
2199
2202
2215
2216
2219
2227
2229
2234
2235
2237
2241
2246
2247
2252
2256
2263
2265
2271
2273
2276
2278
2280
2283
2286
2292
2294
2301
2303
2306
2307
2311
2313
2322
2323
2330
2331
2336
2341
2345
2349
2351
2357
2359
2365
2374
2376
2381
2382
2385
2390
2394
2400
2410
2413
2417
2419
2426
2427
2433
2436
2451
2453
2454
2457
2460
2461
2467
2468
2469
2471
2473
2491
2492
2494
2507
2517
2528
2532
2544
2545
2546
2549
2552
2561
2569
2572
2577
2579
2580
2585
2586
2589
2601
2605
2612
2614
2617
2619
2621
2628
2635
2636
2639
2645
2654
2662
2665
2668
2681
2688
2696
2698
2701
2704
2709
2715
2717
2720
2725
2726
2731
2741
2747
2748
2758
2781
2790
2791
2797
2799
2811
2814
2816
2821
2828
2831
2832
2837
2840
2846
2847
2859
2862
2865
2867
2869
2878
2879
2891
2896
2898
2901
2903
2907
2916
2920
2921
2922
2927
2933
2936
2937
2939
2946
2947
2953
2954
2961
2975
2979
2981
2982
2985
2987
2991
2992
2997
3003
3004
3005
3007
3013
3017
3022
3023
3031
3034
3038
3039
3042
3046
3050
3052
3062
3063
3064
3066
3068
3069
3073
3082
3083
3090
3091
3094
3100
3102
3122
3123
3136
3139
3153
3154
3162
3165
3168
3170
3172
3174
3176
3177
3192
3195
3197
3201
3202
3206
3214
3216
3218
3219
3223
3232
3236
3240
3250
3251
3252
3255
3258
3263
3273
3274
3278
3292
3294
3296
3297
3303
3312
3316
3327
3330
3336
3337
3342
3348
3355
3359
3361
3366
3368
3369
3376
3393
3399
3401
3403
3406
3409
3412
3415
3416
3418
3423
3426
3427
3430
3433
3437
3438
3440
3456
3462
3470
3472
3482
3484
3492
3494
3495
3496
3498
3503
3505
3519
3527
3541
3542
3543
3550
3551
3552
3569
3571
3577
3578
3580
3585
3587
3589
3594
3597
3599
3601
3604
3606
3608
3610
3612
3613
3614
3617
3620
3627
3630
3632
3642
3643
3657
3658
3664
3665
3671
3679
3681
3683
3709
3717
3719
3721
3723
3733
3736
3737
3738
3743
3759
3764
3765
3766
3767
3768
3770
3771
3782
3793
3796
3798
3807
3810
3811
3816
3819
3829
3831
3834
3835
3838
3845
3849
3854
3856
3865
3866
3870
3871
3872
3873
3874
3876
3877
3878
3886
3889
3894
3895
3898
3900
3905
3909
3910
3911
3912
3915
3922
3923
3926
3927
3930
3939
3944
3948
3958
3960
3963
3967
3973
3975
3982
3987
3988
3989
3992
4002
4003
4004
4013
4018
4020
4027
4029
4030
4038
4041
4047
4048
4054
4055
4059
4061
4062
4068
4073
4076
4080
4081
4085
4090
4101
4104
4113
4115
4119
4123
4128
4137
4141
4143
4145
4149
4150
4151
4158
4160
4161
4166
4169
4175
4177
4178
4181
4185
4190
4191
4198
4203
4206
4220
4221
4223
4225
4227
4233
4249
4251
4290
4303
4310
4311
4316
4318
4327
4330
4331
4337
4340
4342
4354
4364
4366
4370
4372
4375
4377
4379
4382
4385
4398
4400
4401
4402
4409
4410
4411
4421
4428
4429
4434
4445
4454
4459
4469
4474
4477
4482
4501
4505
4506
4507
4518
4519
4523
4524
4525
4526
4528
4529
4531
4538
4539
4540
4543
4548
4555
4566
4572
4576
4584
4585
4590
4591
4592
4593
4600
4603
4615
4619
4621
4626
4630
4631
4634
4644
4654
4656
4657
4659
4661
4664
4667
4677
4678
4679
4682
4683
4686
4689
4700
4704
4705
4710
4711
4714
4738
4739
4744
4755
4758
4763
4764
4776
4778
4780
4788
4794
4811
4815
4823
4828
4835
4839
4840
4849
4855
4856
4860
4861
4866
4874
4885
4889
4890
4892
4896
4899
4905
4907
4908
4910
4914
4921
4922
4924
4925
4927
4929
4933
4934
4938
4939
4942
4952
4957
4960
4965
4968
4969
4972
4973
4978
4983
4987
4992
4995
4998
5012
5013
5019
5023
5024
5026
5031
5043
5045
5046
5053
5055
5063
5064
5074
5075
5087
5091
5093
5095
5096
5102
5106
5109
5110
5111
5112
5123
5129
5133
5136
5139
5147
5152
5157
5159
5162
5163
5164
5167
5168
5172
5174
5176
5188
5196
5197
5204
5213
5227
5235
5237
5242
5243
5244
5254
5255
5256
5257
5268
5276
5287
5291
5297
5299
5301
5312
5315
5318
5321
5326
5327
5329
5333
5335
5337
5353
5357
5358
5374
5377
5378
5379
5382
5386
5387
5388
5391
5395
5400
5410
5428
5429
5433
5435
5438
5440
5443
5446
5447
5450
5457
5460
5462
5464
5466
5498
5501
5502
5508
5525
5530
5533
5536
5539
5541
5542
5543
5547
5550
5558
5567
5568
5570
5574
5575
5585
5596
5599
5601
5608
5609
5610
5613
5614
5615
5617
5621
5623
5627
5630
5632
5636
5639
5652
5653
5654
5659
5660
5661
5663
5666
5671
5674
5675
5677
5680
5682
5685
5690
5697
5701
5702
5704
5709
5710
5713
5720
5728
5730
5736
5737
5740
5743
5749
5752
5756
5765
5771
5774
5776
5777
5785
5818
5820
5829
5832
5833
5834
5844
5848
5854
5856
5857
5864
5866
5867
5875
5879
5881
5882
5886
5890
5894
5896
5897
5901
5904
5906
5907
5909
5910
5919
5922
5924
5926
5927
5928
5930
5935
5936
5943
5948
5949
5952
5954
5956
5957
5964
5968
5971
5981
5988
5990
5992
5994
6005
6013
6015
6016
6020
6022
6026
6027
6038
6039
6048
6049
6050
6056
6060
6064
6070
6076
6078
6079
6082
6092
6095
6099
6100
6101
6102
6108
6112
6127
6130
6132
6133
6139
6140
6145
6148
6150
6154
6156
6158
6159
6160
6163
6167
6168
6169
6171
6175
6176
6192
6195
6196
6204
6206
6208
6211
6217
6224
6227
6228
6229
6231
6241
6246
6248
6252
6255
6262
6265
6276
6279
6281
6292
6299
6301
6306
6307
6309
6310
6312
6321
6325
6327
6330
6336
6342
6347
6348
6349
6366
6369
6370
6377
6379
6380
6382
6384
6385
6391
6399
6403
6424
6428
6429
6433
6437
6440
6441
6445
6457
6459
6472
6473
6475
6479
6489
6493
6494
6498
6507
6514
6524
6525
6533
6535
6537
6545
6555
6561
6566
6571
6573
6575
6578
6579
6591
6597
6603
6605
6608
6617
6626
6631
6635
6643
6644
6648
6649
6650
6651
6660
6662
6669
6675
6676
6679
6680
6685
6692
6700
6722
6738
6744
6748
6749
6754
6760
6761
6763
6766
6767
6774
6782
6788
6789
6792
6793
6794
6800
6801
6805
6806
6812
6819
6821
6822
6823
6824
6829
6838
6845
6853
6854
6855
6859
6864
6867
6871
6872
6873
6879
6881
6882
6893
6899
6906
6911
6922
6923
6925
6928
6930
6936
6940
6944
6949
6961
6967
6974
6975
6976
6985
6992
6993
6998
7007
7031
7036
7037
7038
7050
7051
7073
7082
7085
7092
7093
7098
7103
7105
7109
7112
7121
7125
7127
7143
7148
7151
7154
7161
7164
7165
7169
7172
7174
7176
7182
7183
7187
7190
7201
7209
7210
7212
7219
7220
7222
7240
7241
7255
7258
7262
7274
7288
7291
7299
7300
7301
7303
7308
7315
7319
7329
7335
7345
7351
7357
7358
7365
7368
7369
7374
7380
7381
7384
7386
7387
7398
7403
7410
7411
7427
7430
7434
7435
7439
7442
7454
7456
7457
7469
7470
7474
7483
7485
7487
7494
7498
7503
7512
7514
7518
7519
7523
7526
7527
7528
7537
7540
7543
7552
7553
7555
7558
7579
7582
7605
7607
7615
7618
7622
7623
7631
7634
7643
7655
7658
7659
7661
7669
7672
7674
7678
7680
7687
7689
7692
7694
7699
7705
7706
7710
7716
7734
7741
7742
7762
7769
7771
7785
7787
7790
7791
7793
7796
7800
7806
7821
7822
7828
7830
7831
7838
7840
7844
7852
7857
7858
7877
7878
7879
7880
7883
7889
7901
7904
7915
7920
7921
7924
7929
7936
7937
7949
7960
7961
7963
7967
7978
7983
7986
7987
7988
7999
8001
8009
8036
8044
8046
8047
8050
8053
8054
8055
8057
8064
8069
8071
8082
8091
8092
8099
8112
8113
8118
8144
8145
8150
8158
8160
8167
8168
8172
8175
8186
8190
8194
8199
8201
8202
8216
8219
8221
8242
8245
8258
8262
8265
8272
8274
8277
8290
8293
8303
8307
8316
8319
8325
8336
8338
8348
8352
8354
8363
8365
8366
8389
8392
8399
8401
8411
8416
8420
8428
8430
8433
8436
8441
8447
8463
8465
8470
8472
8473
8479
8488
8493
8494
8495
8497
8499
8506
8510
8529
8536
8549
8558
8581
8586
8588
8590
8595
8606
8612
8631
8647
8648
8655
8659
8660
8661
8662
8664
8668
8673
8677
8678
8679
8683
8696
8714
8715
8723
8734
8738
8747
8750
8751
8765
8766
8768
8772
8774
8779
8782
8784
8786
8787
8789
8791
8794
8795
8802
8807
8827
8831
8840
8846
8848
8850
8871
8875
8884
8886
8893
8895
8901
8902
8914
8916
8923
8928
8934
8935
8943
8946
8947
8954
8955
8959
8960
8966
8970
8973
8975
8977
8982
8983
8985
8989
9003
9011
9015
9018
9023
9026
9032
9033
9036
9039
9040
9041
9043
9046
9050
9053
9061
9062
9067
9068
9072
9080
9087
9091
9092
9102
9105
9106
9129
9131
9134
9135
9136
9141
9142
9147
9155
9165
9167
9172
9173
9184
9197
9205
9213
9214
9216
9218
9221
9226
9234
9236
9242
9248
9253
9255
9258
9260
9263
9286
9287
9288
9290
9295
9300
9301
9302
9307
9308
9311
9314
9315
9318
9328
9330
9355
9356
9358
9363
9368
9369
9373
9377
9380
9382
9388
9389
9391
9392
9394
9400
9403
9406
9410
9414
9416
9427
9428
9430
9436
9443
9446
9449
9450
9457
9460
9461
9462
9465
9471
9475
9476
9477
9478
9481
9485
9489
9493
9500
9502
9505
9512
9521
9524
9525
9531
9538
9546
9552
9558
9567
9576
9580
9583
9592
9596
9601
9604
9605
9606
9611
9618
9619
9622
9624
9627
9644
9651
9665
9668
9670
9679
9682
9689
9698
9703
9704
9705
9712
9713
9714
9716
9724
9725
9727
9729
9736
9737
9752
9755
9756
9757
9759
9761
9763
9780
9787
9790
9792
9795
9799
9816
9822
9827
9828
9836
9837
9843
9844
9845
9851
9860
9875
9877
9885
9891
9893
9900
9903
9923
9925
9926
9937
9939
9942
9943
9947
9949
9966
9969
9970
9971
9973
9975
9993
9995
9996
9998
10002
10012
10016
10019
10025
10030
10032
10035
10036
10042
10043
10045
10051
10058
10061
10068
10070
10073
10074
10081
10083
10086
10091
10100
10106
10109
10113
10116
10120
10122
10123
10126
10127
10129
10130
10132
10138
10139
10142
10144
10149
10156
10159
10161
10166
10176
10178
10179
10180
10182
10192
10201
10203
10204
10205
10212
10229
10242
10243
10245
10249
10251
10252
10277
10284
10301
10304
10305
10307
10309
10313
10316
10321
10340
10344
10347
10348
10349
10350
10351
10356
10357
10358
10361
10362
10371
10376
10382
10384
10390
10391
10401
10403
10411
10416
10422
10430
10435
10436
10448
10450
10465
10469
10472
10475
10478
10479
10484
10490
10491
10508
10520
10521
10528
10537
10544
10547
10554
10558
10559
10580
10583
10584
10586
10587
10588
10595
10603
10610
10624
10625
10628
10629
10632
10639
10640
10642
10645
10647
10654
10656
10669
10673
10685
10690
10692
10701
10704
10706
10708
10719
10720
10724
10726
10731
10732
10735
10739
10741
10749
10750
10751
10754
10755
10756
10764
10772
10780
10783
10784
10787
10806
10825
10839
10840
10843
10846
10848
10849
10874
10879
10891
10904
10906
10908
10910
10911
10913
10914
10923
10925
10927
10935
10939
10941
10945
10948
10953
10958
10972
10976
10980
10981
10982
10984
10988
10989
10991
10994
10995
10996
11003
11008
11012
11031
11033
11038
11040
11051
11053
11055
11057
11059
11060
11061
11064
11065
11067
11078
11081
11082
11084
11086
11089
11092
11099
11105
11108
11112
11114
11117
11121
11123
11125
11134
11141
11142
11148
11151
11152
11155
11157
11161
11166
11167
11170
11171
11177
11183
11184
11186
11196
11197
11200
11203
11204
11205
11211
11221
11222
11223
11224
11225
11226
11232
11233
11234
11236
11237
11241
11248
11249
11253
11254
11262
11268
11272
11276
11278
11281
11284
11286
11287
11288
11295
11296
11297
11299
11304
11307
11323
11327
11330
11333
11334
11336
11337
11338
11339
11340
11347
11373
11375
11379
11382
11383
11386
11390
11391
11396
11405
11408
11412
11422
11426
11429
11430
11436
11438
11439
11441
11442
11448
11449
11461
11463
11464
11469
11470
11482
11491
11492
11504
11508
11517
11519
11521
11524
11528
11538
11542
11544
11547
11553
11560
11568
11572
11575
11576
11585
11590
11596
11597
11598
11607
11614
11616
11618
11627
11631
11637
11661
11663
11667
11668
11671
11673
11683
11685
11689
11692
11694
11699
11701
11702
11705
11710
11720
11730
11735
11737
11741
11745
11751
11752
11758
11764
11770
11775
11794
11797
11809
11818
11831
11841
11847
11848
11851
11853
11861
11866
11867
11870
11873
11890
11894
11899
11909
11920
11929
11934
11940
11942
11963
11964
11966
11973
11977
11979
11984
11986
11998
11999
12000
12005
12009
12013
12023
12025
12028
12030
12031
12032
12037
12050
12068
12070
12086
12089
12090
12101
12102
12103
12104
12105
12109
12110
12114
12119
12122
12130
12137
12141
12146
12147
12159
12164
12167
12168
12172
12179
12182
12187
12198
12199
12207
12210
12212
12214
12217
12219
12222
12229
12231
12232
12238
12239
12244
12246
12250
12251
12252
12253
12259
12261
12270
12273
12278
12284
12297
12317
12324
12326
12330
12332
12341
12347
12349
12354
12361
12373
12378
12388
12389
12392
12400
12401
12403
12404
12408
12412
12423
12427
12437
12438
12441
12445
12450
12456
12457
12458
12459
12462
12465
12466
12474
12494
12497
12498
12503
12504
12511
12512
12515
12520
12522
12527
12528
12529
12530
12531
12537
12538
12540
12543
12551
12553
12555
12560
12568
12569
12571
12573
12578
12580
12587
12588
12595
12596
12601
12612
12614
12625
12635
12641
12643
12645
12648
12656
12663
12677
12679
12692
12705
12708
12716
12719
12722
12725
12752
12762
12763
12764
12775
12776
12781
12788
12791
12795
12801
12812
12814
12815
12818
12826
12829
12834
12835
12840
12841
12847
12854
12863
12867
12873
12887
12890
12894
12900
12910
12915
12932
12946
12948
12958
12959
12960
12962
12963
12968
12970
12980
12981
13007
13019
13020
13021
13026
13031
13038
13049
13059
13064
13079
13085
13095
13098
13101
13102
13103
13120
13125
13129
13132
13134
13146
13171
13183
13187
13192
13197
13198
13199
13203
13219
13220
13226
13237
13241
13244
13247
13252
13275
13281
13286
13289
13304
13314
13319
13324
13340
13350
13354
13367
13373
13383
13391
13392
13398
13420
13422
13432
13435
13440
13451
13452
13456
13464
13471
13496
13502
13506
13513
13515
13519
13544
13554
13569
13580
13599
13601
13611
13621
13626
13630
13633
13636
13643
13653
13654
13656
13670
13713
13714
13720
13721
13727
13731
13732
13738
13745
13756
13764
13767
13779
13786
13806
13818
13823
13826
13840
13850
13856
13863
13875
13879
13880
13891
13905
13906
13912
13915
13921
13928
13948
13951
13966
13972
13973
13980
13983
14004
14005
14012
14014
14017
14023
14029
14030
14042
14044
14048
14051
14067
14069
14079
14082
14087
14089
14106
14107
14114
14126
14138
14139
14143
14154
14156
14161
14171
14185
14187
14194
14195
14197
14206
14215
14225
14231
14237
14250
14258
14281
14302
14310
14345
14348
14356
14358
14362
14364
14368
14380
14387
14396
14398
14408
14411
14428
14437
14438
14446
14456
14461
14470
14471
14472
14473
14486
14488
14500
14512
14518
14521
14522
14536
14554
14584
14594
14620
14622
14635
14636
14637
14649
14652
14653
14655
14659
14662
14664
14669
14672
14681
14688
14692
14699
14702
14711
14715
14719
14730
14738
14745
14748
14752
14762
14764
14785
14792
14798
14800
14808
14818
14824
14825
14831
14850
14853
14883
14889
14890
14891
14905
14906
14911
14916
14917
14921
14922
14930
14938
14946
14953
14955
14956
14968
14970
14988
14996
15002
15011
15017
15029
15033
15045
15054
15058
15064
15068
15069
15082
15083
15087
15088
15091
15097
15101
15102
15106
15114
15123
15126
15133
15136
15139
15147
15155
15156
15164
15175
15181
15185
15189
15199
15201
15210
15211
15213
15214
15220
15246
15250
15254
15256
15259
15267
15280
15284
15285
15293
15297
15299
15300
15307
15317
15330
15336
15338
15340
15347
15352
15359
15360
15365
15372
15376
15381
15382
15392
15393
15411
15420
15423
15424
15428
15431
15436
15442
15446
15453
15457
15461
15487
15499
15500
15501
15502
15503
15514
15515
15522
15525
15539
15564
15565
15574
15580
15591
15608
15620
15625
15627
15633
15641
15645
15650
15658
15662
15663
15664
15668
15677
15684
15685
15698
15703
15728
15729
15738
15740
15742
15744
15748
15754
15765
15788
15792
15801
15809
15813
15822
15823
15841
15844
15845
15846
15850
15869
15903
15912
15917
15922
15924
15925
15941
15942
15954
15964
15969
15978
15979
15985
15991
15996
16000
16006
16032
16034
16035
16037
16042
16044
16060
16061
16068
16080
16084
16085
16092
16101
16123
16127
16128
16131
16141
16147
16156
16157
16178
16179
16183
16191
16195
16199
16201
16225
16233
16262
16263
16264
16268
16272
16273
16275
16277
16278
16288
16289
16294
16297
16302
16303
16305
16309
16313
16338
16344
16346
16348
16357
16360
16363
16364
16370
16372
16386
16393
16396
16397
16406
16424
16425
16435
16438
16446
16447
16455
16463
16472
16473
16474
16478
16479
16480
16485
16487
16497
16498
16499
16504
16510
16514
16526
16534
16536
16539
16541
16542
16552
16564
16574
16580
16595
16612
16620
16628
16643
16647
16651
16660
16666
16667
16672
16679
16682
16691
16694
16706
16709
16710
16717
16726
16737
16750
16758
16763
16765
16768
16769
16770
16774
16778
16780
16785
16796
16801
16807
16808
16819
16822
16823
16828
16835
16836
16845
16855
16859
16869
16870
16877
16879
16882
16885
16894
16898
16903
16906
16919
16920
16921
16923
16924
16925
16928
16933
16934
16947
16948
16963
16976
16984
16985
16989
16991
16993
16995
16996
16997
17000
17002
17003
17008
17013
17015
17026
17035
17046
17056
17069
17093
17095
17099
17103
17109
17112
17113
17116
17121
17122
17135
17137
17142
17143
17144
17145
17157
17158
17160
17161
17173
17175
17186
17197
17200
17201
17202
17204
17208
17209
17211
17217
17218
17223
17224
17232
17233
17234
17244
17245
17250
17252
17258
17262
17263
17268
17272
17273
17276
17278
17282
17285
17287
17293
17298
17302
17304
17306
17307
17309
17312
17323
17326
17327
17342
17343
17344
17357
17358
17362
17363
17364
17366
17377
17378
17380
17384
17388
17389
17395
17397
17406
17419
17423
17427
17428
17429
17432
17436
17437
17444
17448
17449
17460
17475
17484
17495
17499
17501
17514
17515
17516
17525
17527
17537
17541
17546
17550
17578
17584
17585
17591
17592
17593
17596
17607
17608
17613
17616
17620
17622
17634
17663
17683
17688
17692
17696
17716
17717
17721
17724
17732
17736
17741
17743
17764
17790
17792
17798
17799
17802
17804
17806
17812
17817
17823
17825
17826
17829
17832
17833
17837
17838
17846
17849
17854
17860
17862
17865
17885
17888
17891
17894
17895
17897
17899
17904
17911
17915
17922
17925
17927
17928
17929
17930
17939
17945
17955
17960
17961
17966
17973
17974
17976
17980
17987
17988
17989
17990
17994
17999
18013
18015
18017
18018
18021
18026
18037
18038
18039
18050
18058
18059
18061
18063
18067
18075
18081
18086
18096
18102
18110
18117
18118
18120
18134
18150
18151
18153
18155
18159
18161
18165
18174
18185
18190
18193
18207
18208
18211
18216
18222
18228
18234
18236
18237
18241
18251
18253
18255
18256
18260
18270
18272
18275
18278
18280
18283
18308
18309
18310
18311
18314
18316
18318
18324
18325
18329
18330
18331
18333
18335
18340
18341
18346
18349
18354
18363
18365
18367
18373
18375
18376
18384
18389
18390
18391
18398
18399
18402
18407
18408
18411
18416
18419
18420
18422
18433
18440
18444
18453
18459
18460
18462
18467
18469
18472
18473
18474
18482
18488
18489
18490
18492
18497
18499
18500
18501
18502
18505
18514
18523
18535
18544
18546
18547
18551
18554
18559
18563
18564
18570
18571
18578
18581
18601
18604
18609
18611
18618
18622
18633
18637
18642
18644
18653
18655
18657
18662
18664
18672
18679
18682
18684
18685
18692
18696
18697
18705
18707
18708
18720
18724
18726
18744
18748
18759
18760
18767
18769
18774
18775
18776
18782
18802
18804
18805
18807
18809
18817
18819
18823
18826
18828
18834
18840
18842
18844
18861
18863
18864
18870
18871
18872
18875
18881
18891
18893
18896
18897
18901
18909
18913
18916
18920
18921
18922
18923
18927
18949
18958
18966
18967
18976
18977
18978
18984
18989
18990
18996
19005
19008
19011
19025
19029
19033
19039
19048
19051
19052
19053
19054
19055
19057
19058
19059
19073
19080
19084
19086
19088
19089
19095
19096
19097
19101
19102
19104
19105
19112
19119
19122
19126
19129
19136
19143
19146
19147
19148
19150
19155
19162
19165
19176
19178
19180
19183
19185
19187
19189
19196
19208
19211
19215
19220
19221
19230
19235
19244
19247
19255
19264
19269
19273
19274
19278
19290
19297
19299
19303
19306
19307
19328
19330
19332
19334
19336
19338
19350
19355
19357
19359
19360
19362
19366
19374
19377
19378
19385
19390
19398
19399
19401
19406
19412
19414
19420
19421
19422
19427
19430
19431
19434
19444
19446
19447
19452
19455
19457
19462
19465
19472
19477
19487
19491
19499
19502
19506
19507
19511
19514
19516
19520
19521
19526
19528
19530
19531
19533
19542
19543
19545
19546
19550
19553
19560
19567
19573
19582
19585
19604
19606
19609
19616
19617
19633
19637
19641
19644
19655
19657
19664
19680
19689
19708
19709
19710
19713
19714
19723
19726
19729
19732
19733
19734
19739
19754
19765
19766
19768
19774
19777
19789
19797
19810
19813
19815
19817
19822
19830
19834
19839
19840
19843
19847
19849
19850
19854
19855
19858
19863
19865
19869
19874
19879
19884
19891
19895
19902
19904
19911
19914
19916
19918
19924
19927
19934
19939
19940
19941
19946
19952
19956
19970
19973
19975
19984
19988
19997
19998
20002
20005
20010
20014
20019
20020
20024
20033
20037
20039
20042
20047
20048
20053
20057
20061
20063
20067
20071
20072
20073
20078
20084
20090
20099
20101
20105
20106
20110
20114
20116
20122
20124
20130
20131
20134
20135
20136
20138
20139
20143
20146
20157
20162
20164
20166
20169
20172
20175
20176
20177
20178
20179
20186
20187
20189
20193
20195
20196
20202
20207
20208
20211
20214
20218
20219
20221
20222
20227
20229
20231
20234
20242
20247
20253
20270
20279
20282
20287
20290
20299
20304
20307
20308
20313
20314
20322
20325
20337
20339
20340
20362
20366
20368
20372
20375
20377
20387
20390
20400
20404
20405
20409
20422
20427
20437
20439
20445
20447
20463
20467
20469
20470
20472
20489
20491
20493
20501
20506
20507
20513
20514
20518
20519
20520
20523
20524
20525
20527
20531
20534
20535
20536
20537
20542
20543
20548
20556
20558
20559
20572
20575
20581
20585
20595
20596
20605
20606
20608
20614
20616
20617
20621
20626
20628
20630
20632
20637
20639
20646
20654
20657
20659
20663
20665
20667
20673
20674
20683
20687
20699
20702
20704
20708
20709
20712
20718
20720
20724
20726
20727
20730
20732
20736
20737
20740
20747
20748
20750
20757
20758
20766
20767
20768
20776
20779
20789
20802
20806
20810
20814
20815
20818
20822
20823
20833
20837
20839
20840
20853
20859
20860
20861
20864
20868
20873
20874
20877
20879
20881
20882
20885
20886
20891
20901
20906
20909
20910
20921
20928
20930
20931
20933
20936
20937
20939
20940
20941
20944
20946
20958
20960
20969
20970
20971
20975
20979
20984
20990
20995
20998
21004
21006
21012
21014
21017
21018
21019
21020
21021
21022
21026
21027
21029
21036
21040
21047
21049
21055
21058
21062
21066
21068
21075
21076
21081
21090
21095
21098
21121
21124
21131
21132
21135
21141
21144
21149
21150
21153
21162
21163
21170
21174
21182
21186
21191
21198
21203
21206
21207
21215
21217
21218
21221
21224
21227
21228
21233
21236
21241
21244
21246
21251
21252
21254
21255
21257
21260
21262
21265
21266
21270
21271
21276
21280
21281
21282
21283
21287
21289
21299
21300
21302
21303
21305
21309
21313
21314
21321
21327
21333
21335
21338
21350
21361
21368
21370
21372
21375
21379
21383
21390
21392
21398
21401
21402
21406
21409
21416
21420
21421
21427
21429
21431
21437
21440
21441
21444
21445
21449
21460
21464
21467
21468
21470
21471
21485
21494
21500
21503
21510
21513
21514
21516
21520
21521
21524
21536
21540
21543
21545
21549
21553
21554
21557
21561
21565
21568
21571
21572
21573
21574
21575
21577
21581
21586
21590
21592
21601
21602
21606
21616
21633
21640
21650
21663
21666
21668
21680
21682
21683
21696
21697
21710
21711
21713
21715
21725
21726
21734
21735
21744
21745
21751
21752
21753
21755
21765
21770
21783
21785
21788
21789
21792
21794
21801
21802
21804
21810
21816
21818
21824
21827
21832
21841
21842
21845
21847
21851
21860
21864
21868
21872
21873
21876
21877
21890
21895
21898
21900
21901
21903
21909
21912
21915
21922
21925
21933
21936
21940
21942
21943
21946
21951
21955
21961
21965
21966
21968
21969
21973
21974
21977
21984
21990
21992
21993
21999
22002
22007
22008
22011
22013
22014
22016
22017
22028
22030
22031
22035
22038
22044
22047
22050
22052
22053
22065
22067
22068
22072
22076
22088
22089
22093
22094
22097
22098
22101
22105
22111
22113
22114
22115
22128
22131
22141
22142
22143
22145
22146
22148
22152
22153
22154
22164
22165
22170
22175
22176
22180
22190
22193
22196
22200
22202
22204
22209
22210
22214
22216
22220
22223
22226
22231
22232
22235
22243
22245
22247
22252
22256
22258
22260
22261
22268
22275
22277
22283
22292
22293
22294
22296
22297
22300
22301
22304
22309
22312
22313
22315
22317
22323
22324
22326
22330
22334
22337
22340
22343
22346
22353
22363
22364
22368
22369
22371
22376
22377
22379
22389
22392
22396
22397
22398
22402
22406
22410
22420
22422
22431
22432
22435
22440
22441
22444
22449
22452
22462
22477
22478
22479
22481
22483
22485
22488
22489
22492
22493
22494
22499
22502
22508
22510
22515
22519
22525
22531
22539
22540
22543
22548
22552
22556
22558
22559
22562
22563
22568
22571
22576
22577
22582
22585
22587
22588
22590
22591
22592
22595
22596
22597
22598
22599
22607
22610
22619
22626
22627
22628
22629
22632
22634
22635
22636
22641
22644
22647
22654
22655
22656
22659
22665
22669
22676
22677
22680
22682
22685
22686
22689
22695
22697
22702
22703
22704
22706
22707
22712
22713
22714
22715
22716
22717
22718
22720
22721
22723
22729
22733
22738
22743
22745
22750
22752
22755
22770
22772
22775
22776
22779
22780
22781
22782
22784
22787
22790
22796
22800
22801
22804
22808
22818
22820
22821
22823
22825
22828
22829
22830
22831
22837
22838
22839
22843
22844
22845
22846
22847
22855
22856
22857
22858
22860
22861
22862
22863
22865
22869
22870
22871
22872
22883
22885
22892
22901
22902
22904
22906
22907
22920
22926
22929
22931
22932
22935
22938
22940
22944
22945
22946
22948
22956
22961
22963
22972
22977
22982
22984
22986
22991
22992
22996
23000
23002
23003
23004
23011
23014
23017
23018
23020
23024
23025
23026
23030
23032
23034
23035
23038
23046
23055
23058
23060
23062
23063
23073
23074
23076
23080
23087
23088
23089
23092
23094
23098
23102
23105
23113
23120
23122
23124
23130
23136
23137
23138
23147
23153
23160
23161
23162
23165
23166
23171
23173
23174
23182
23188
23191
23196
23197
23199
23200
23202
23204
23205
23206
23211
23215
23218
23219
23230
23234
23237
23242
23244
23245
23247
23250
23251
23253
23257
23258
23261
23262
23265
23266
23271
23272
23277
23279
23283
23284
23289
23292
23293
23300
23301
23302
23309
23310
23312
23320
23323
23328
23332
23333
23336
23337
23338
23341
23342
23344
23349
23355
23357
23364
23365
23366
23368
23370
23374
23376
23381
23387
23388
23390
23391
23392
23393
23398
23399
23403
23411
23415
23419
23421
23423
23426
23427
23428
23432
23435
23437
23438
23439
23440
23441
23452
23453
23455
23458
23459
23460
23461
23465
23468
23470
23471
23477
23482
23484
23488
23489
23498
23500
23504
23507
23508
23511
23512
23519
23522
23523
23524
23527
23529
23530
23531
23534
23536
23537
23539
23540
23550
23552
23556
23557
23565
23566
23567
23568
23575
23577
23578
23585
23594
23595
23598
23606
23610
23615
23625
23627
23629
23632
23635
23639
23641
23645
23648
23649
23650
23658
23660
23662
23664
23665
23666
23672
23676
23678
23682
23686
23689
23699
23700
23703
23712
23717
23718
23721
23725
23730
23731
23732
23734
23737
23741
23742
23744
23745
23747
23752
23753
23757
23759
23762
23776
23778
23789
23793
23794
23795
23799
23802
23803
23805
23806
23808
23810
23811
23815
23817
23820
23824
23825
23831
23833
23835
23838
23839
23841
23843
23844
23845
23849
23856
23857
23858
23859
23862
23863
23865
23870
23876
23878
23879
23881
23883
23885
23886
23888
23889
23895
23905
23913
23915
23917
23919
23920
23925
23926
23943
23944
23949
23951
23953
23954
23958
23962
23963
23967
23970
23973
23974
23978
23979
23981
23985
23988
23989
23994
23996
23999
24005
24006
24015
24016
24020
24023
24025
24026
24027
24033
24035
24041
24043
24048
24052
24056
24057
24058
24063
24065
24069
24071
24074
24076
24078
24083
24084
24088
24092
24093
24100
24117
24119
24123
24124
24126
24128
24134
24135
24139
24143
24147
24148
24149
24154
24162
24164
24170
24171
24174
24175
24176
24179
24181
24184
24187
24189
24190
24192
24197
24198
24200
24201
24205
24207
24214
24215
24219
24222
24225
24227
24232
24236
24241
24243
24244
24247
24248
24249
24250
24255
24256
24257
24260
24263
24267
24268
24269
24270
24273
24276
24281
24283
24284
24285
24286
24287
24291
24292
24293
24302
24303
24304
24307
24310
24312
24313
24318
24320
24322
24327
24330
24333
24335
24336
24337
24342
24348
24351
24352
24354
24356
24357
24359
24363
24370
24372
24377
24379
24380
24382
24383
24384
24385
24386
24391
24394
24397
24398
24411
24412
24417
24421
24424
24428
24430
24435
24438
24439
24445
24449
24451
24453
24455
24457
24460
24462
24464
24465
24467
24470
24473
24478
24483
24484
24487
24488
24489
24492
24495
24499
24501
24503
24506
24510
24513
24514
24515
24518
24521
24527
24531
24533
24536
24538
24539
24541
24543
24545
24546
24547
24548
24549
24552
24553
24558
24560
24564
24569
24571
24575
24576
24582
24583
24587
24588
24589
24590
24592
24593
24594
24595
24596
24597
24599
24602
24603
24604
24613
24617
24620
24623
24624
24626
24631
24636
24637
24640
24644
24646
24647
24649
24652
24653
24659
24661
24662
24671
24673
24675
24677
24678
24685
24686
24691
24692
24701
24703
24704
24705
24706
24707
24712
24719
24721
24724
24725
24726
24731
24737
24738
24741
24743
24745
24749
24756
24758
24760
24765
24772
24776
24778
24779
24782
24783
24784
24788
24789
24790
24792
24795
24798
24800
24801
24802
24803
24804
24815
24818
24820
24823
24825
24826
24827
24829
24836
24837
24841
24843
24845
24846
24850
24851
24852
24853
24854
24857
24860
24861
24863
24864
24867
24868
24869
24871
24872
24876
24882
24886
24888
24891
24892
24896
24899
24901
24903
24905
24910
24913
24914
24924
24925
24929
24930
24932
24933
24934
24935
24937
24939
24941
24947
24949
24951
24954
24957
24960
24961
24964
24966
24970
24971
24973
24983
24984
24988
24995
24997
24998
25000
25005
25006
25010
25012
25013
25014
25016
25017
25020
25023
25024
25025
25026
25029
25031
25032
25033
25038
25040
25041
25045
25046
25048
25055
25056
25061
25062
25063
25066
25067
25068
25069
25085
25086
25087
25091
25093
25098
25101
25105
25108
25110
25118
25120
25121
25122
25123
25128
25131
25142
25145
25150
25152
25157
25158
25162
25164
25168
25171
25173
25177
25179
25180
25185
25187
25189
25190
25191
25192
25198
25199
25200
25201
25202
25204
25205
25208
25213
25214
25216
25218
25219
25233
25234
25236
25237
25240
25242
25243
25244
25248
25250
25252
25254
25257
25258
25262
25264
25275
25277
25278
25279
25280
25282
25285
25286
25287
25294
25298
25299
25302
25303
25304
25313
25314
25321
25322
25323
25324
25326
25333
25335
25340
25342
25344
25345
25349
25350
25351
25352
25353
25356
25357
25359
25360
25361
25363
25366
25367
25368
25369
25371
25373
25376
25378
25380
25381
25382
25385
25387
25388
25392
25395
25396
25397
25399
25401
25402
25404
25413
25414
25415
25420
25422
25423
25427
25428
25431
25436
25437
25438
25439
25440
25441
25442
25448
25449
25450
25451
25454
25457
25463
25465
25469
25470
25471
25474
25476
25477
25479
25482
25484
25489
25491
25492
25493
25495
25500
25502
25506
25507
25508
25509
25513
25514
25518
25521
25524
25526
25528
25532
25535
25537
25545
25548
25554
25557
25558
25560
25561
25566
25568
25569
25572
25573
25575
25581
25583
25586
25590
25592
25593
25594
25595
25596
25597
25601
25602
25603
25608
25614
25621
25622
25623
25625
25626
25629
25630
25640
25641
25644
25646
25648
25650
25652
25653
25655
25657
25662
25665
25666
25669
25670
25671
25676
25677
25678
25682
25684
25689
25695
25696
25703
25704
25708
25711
25713
25715
25718
25722
25727
25728
25729
25731
25732
25736
25738
25740
25741
25743
25746
25749
25752
25753
25757
25759
25766
25767
25771
25772
25774
25776
25777
25778
25780
25782
25783
25785
25786
25787
25791
25796
25797
25798
25800
25803
25804
25806
25807
25811
25813
25814
25816
25819
25820
25822
25827
25829
25831
25832
25833
25836
25837
25839
25841
25843
25847
25848
25849
25853
25866
25868
25872
25873
25877
25880
25883
25885
25886
25888
25896
25900
25903
25907
25909
25910
25911
25914
25916
25919
25923
25931
25932
25933
25937
25939
25942
25949
25950
25952
25953
25954
25955
25956
25958
25961
25962
25963
25971
25973
25975
25976
25979
25982
25983
25984
25987
25991
25992
25999
26002
26003
26009
26010
26020
26026
26027
26028
26029
26032
26035
26036
26038
26040
26043
26044
26045
26047
26050
26053
26058
26061
26062
26063
26064
26066
26067
26068
26069
26070
26072
26073
26075
26079
26082
26083
26084
26086
26088
26092
26094
26101
26103
26106
26108
26109
26112
26116
26117
26118
26122
26124
26125
26128
26129
26130
26131
26136
26137
26138
26141
26144
26146
26149
26153
26154
26155
26157
26160
26161
26162
26166
26167
26168
26169
26177
26179
26183
26184
26188
26190
26191
26192
26194
26195
26200
26201
26203
26205
26207
26210
26212
26214
26215
26216
26219
26220
26223
26225
26227
26228
26229
26233
26234
26238
26241
26242
26243
26244
26251
26253
26259
26260
26261
26266
26271
26272
26273
26276
26277
26278
26281
26283
26286
26287
26289
26290
26293
26296
26299
26301
26302
26303
26307
26310
26311
26313
26314
26319
26320
26326
26328
26331
26332
26333
26334
26336
26338
26339
26341
26342
26346
26348
26351
26354
26356
26358
26362
26364
26365
26368
26370
26373
26386
26391
26395
26402
26406
26409
26410
26411
26414
26417
26418
26420
26422
26424
26426
26428
26430
26431
26432
26433
26443
26447
26453
26457
26460
26462
26468
26470
26473
26475
26478
26482
26487
26489
26501
26509
26513
26514
26515
26516
26517
26524
26525
26526
26532
26533
26535
26536
26537
26538
26539
26540
26541
26542
26543
26544
26548
26549
26554
26555
26556
26557
26558
26559
26562
26563
26565
26567
26569
26570
26571
26573
26574
26575
26576
26577
26578
26579
26580
26581
26582
26583
26584
26585
26586
26587
26588
26589
26590
26591
26609
26610
26615
26616
26619
26621
26622
26624
26628
26631
26632
26635
26637
26639
26644
26645
26646
26648
26649
26651
26652
26656
26657
26660
26661
26663
26664
26666
26670
26674
26677
26678
26681
26684
26685
26687
26694
26695
26697
26698
26699
26701
26702
26709
26710
26711
26713
26716
26722
26729
26735
26737
26738
26739
26740
26742
26743
26744
26746
26747
26748
26754
26755
26759
26762
26765
26768
26770
26771
26774
26776
26780
26781
26782
26783
26785
26788
26789
26790
26794
26799
26801
26802
26804
26809
26810
26811
26814
26818
26819
26821
26824
26826
26832
26836
26837
26838
26843
26844
26848
26850
26851
26853
26855
26862
26867
26868
26870
26872
26876
26877
26879
26880
26888
26889
26890
26898
26900
26901
26902
26905
26912
26914
26915
26916
26917
26920
26924
26926
26927
26929
26931
26935
26936
26953
26954
26958
26962
26963
26968
26973
26976
26977
26978
26979
26984
26990
26994
26996
26998
26999
27001
27003
27006
27007
27014
27015
27020
27022
27024
27026
27028
27033
27040
27043
27045
27046
27049
27051
27060
27061
27064
27066
27069
27070
27071
27074
27075
27078
27080
27082
27086
27088
27089
27091
27092
27098
27099
27102
27105
27110
27111
27113
27117
27119
27123
27125
27127
27128
27130
27147
27148
27149
27154
27155
27157
27160
27163
27164
27165
27169
27170
27171
27172
27175
27176
27177
27178
27181
27185
27186
27187
27193
27199
27202
27203
27204
27206
27208
27209
27212
27214
27216
27217
27220
27221
27222
27223
27234
27246
27247
27249
27250
27252
27253
27254
27256
27258
27262
27264
27265
27266
27269
27273
27277
27282
27286
27297
27304
27306
27307
27308
27309
27310
27311
27312
27319
27322
27324
27325
27326
27328
27331
27336
27343
27347
27349
27350
27351
27352
27354
27358
27360
27362
27366
27373
27379
27381
27386
27388
27392
27393
27394
27395
27397
27399
27401
27406
27408
27415
27417
27420
27421
27422
27428
27430
27432
27433
27436
27437
27438
27441
27442
27443
27444
27446
27448
27449
27451
27453
27454
27455
27460
27467
27468
27471
27473
27474
27476
27480
27481
27485
27487
27492
27497
27500
27501
27503
27504
27505
27507
27509
27511
27515
27516
27517
27518
27520
27521
27522
27524
27525
27526
27527
27529
27531
27532
27533
27535
27536
27538
27540
27541
27543
27551
27552
27555
27561
27563
27567
27568
27569
27570
27572
27573
27574
27576
27577
27578
27579
27581
27582
27586
27588
27589
27591
27592
27593
27595
27596
27600
27601
27603
27604
27606
27608
27609
27611
27613
27615
27619
27621
27622
27627
27630
27633
27636
27638
27643
27644
27645
27648
27654
27658
27659
27663
27664
27665
27666
27668
27671
27672
27675
27678
27679
27680
27682
27683
27684
27685
27687
27692
27693
27694
27696
27697
27699
27700
27701
27703
27710
27713
27716
27718
27720
27722
27724
27725
27729
27730
27735
27736
27741
27742
27743
27744
27745
27746
27747
27749
27751
27752
27755
27759
27762
27768
27770
27771
27773
27775
27777
27778
27780
27781
27782
27783
27786
27792
27795
27797
27798
27801
27803
27804
27805
27808
27809
27812
27816
27817
27818
27819
27820
27822
27823
27825
27829
27831
27832
27833
27834
27835
27837
27839
27844
27846
27847
27849
27851
27856
27861
27863
27869
27870
27873
27875
27876
27878
27885
27887
27888
27889
27894
27895
27896
27898
27900
27901
27903
27907
27912
27913
27917
27922
27923
27925
27926
27927
27928
27933
27945
27947
27948
27949
27952
27956
27957
27960
27965
27966
27969
27971
27973
27977
27978
27979
27980
27983
27984
27985
27986
27989
27990
27992
27994
27995
27997
27998
28001
28005
28008
28009
28010
28012
28013
28015
28017
28026
28027
28028
28030
28031
28033
28034
28036
28037
28038
28040
28041
28045
28046
28048
28049
28050
28054
28057
28058
28059
28060
28061
28062
28067
28068
28074
28075
28077
28078
28080
28081
28083
28085
28086
28089
28092
28094
28097
28100
28101
28104
28105
28106
28109
28110
28112
28115
28117
28118
28120
28121
28125
28126
28127
28129
28130
28135
28137
28139
28140
28141
28142
28144
28145
28146
28150
28151
28153
28154
28155
28160
28170
28175
28178
28180
28181
28182
28183
28184
28186
28193
28195
28197
28202
28205
28207
28208
28209
28211
28212
28213
28214
28216
28218
28220
28222
28223
28227
28229
28230
28231
28235
28237
28240
28241
28243
28244
28245
28246
28249
28252
28253
28259
28264
28266
28268
28272
28275
28277
28278
28280
28284
28286
28288
28292
28296
28299
28300
28302
28306
28308
28309
28310
28314
28315
28317
28318
28320
28327
28340
28342
28343
28344
28347
28348
28349
28352
28355
28356
28357
28358
28359
28360
28361
28362
28363
28365
28366
28368
28370
28372
28373
28374
28378
28383
28385
28388
28390
28391
28393
28394
28397
28401
28406
28407
28408
28411
28412
28413
28418
28419
28421
28423
28432
28434
28435
28436
28438
28439
28440
28441
28445
28446
28450
28452
28454
28455
28456
28457
28459
28461
28462
28463
28466
28470
28471
28473
28474
28475
28477
28478
28480
28483
28484
28485
28486
28487
28488
28489
28491
28496
28498
28499
28501
28502
28503
28504
28505
28506
28513
28514
28519
28524
28528
28529
28530
28531
28536
28538
28539
28540
28541
28545
28548
28549
28552
28553
28555
28558
28559
28561
28563
28566
28568
28579
28581
28583
28584
28587
28590
28591
28593
28597
28598
28600
28602
28608
28609
28610
28612
28618
28619
28620
28621
28625
28629
28630
28634
28637
28639
28642
28643
28645
28647
28651
28652
28656
28658
28659
28666
28668
28672
28677
28679
28685
28686
28689
28691
28694
28699
28700
28703
28704
28705
28709
28710
28714
28716
28718
28720
28721
28722
28723
28725
28726
28730
28731
28732
28733
28734
28736
28738
28740
28743
28744
28745
28751
28752
28753
28757
28758
28760
28761
28764
28765
28766
28767
28769
28771
28772
28775
28776
28778
28779
28781
28782
28783
28784
28785
28789
28790
28792
28793
28796
28799
28800
28801
28803
28804
28807
28809
28810
28815
28816
28817
28818
28822
28825
28826
28829
28833
28835
28836
28838
28839
28841
28842
28844
28846
28847
28848
28849
28851
28855
28858
28859
28860
28862
28864
28866
28869
28870
28877
28879
28881
28882
28883
28885
28886
28890
28895
28896
28898
28899
28900
28901
28902
28907
28908
28910
28911
28913
28916
28919
28920
28921
28923
28924
28928
28929
28931
28933
28941
28942
28944
28947
28953
28955
28958
28960
28961
28966
28968
28971
28973
28974
28976
28979
28983
28984
28987
28992
28995
28997
29001
29003
29004
29005
29007
29011
29012
29016
29018
29019
29022
29025
29026
29029
29032
29035
29038
29040
29041
29045
29050
29052
29061
29062
29063
29064
29065
29069
29073
29077
29078
29079
29087
29088
29093
29095
29096
29097
29099
29100
29101
29103
29107
29108
29111
29116
29117
29122
29124
29126
29130
29131
29132
29133
29135
29136
29137
29138
29143
29144
29148
29150
29157
29160
29162
29163
29164
29165
29166
29169
29171
29174
29177
29178
29180
29183
29186
29187
29188
29189
29195
29196
29199
29200
29203
29205
29208
29209
29213
29215
29218
29225
29226
29230
29231
29234
29235
29236
29238
29239
29242
29245
29247
29248
29249
29251
29252
29253
29259
29260
29264
29266
29271
29274
29280
29281
29282
29283
29285
29287
29290
29295
29298
29306
29307
29308
29309
29310
29311
29312
29315
29317
29318
29319
29320
29322
29323
29324
29326
29327
29328
29332
29335
29338
29341
29344
29346
29347
29349
29351
29356
29359
29360
29361
29362
29363
29364
29369
29372
29374
29379
29380
29381
29382
29383
29385
29386
29390
29391
29394
29396
29397
29400
29402
29404
29406
29407
29409
29410
29411
29415
29417
29423
29431
29432
29433
29436
29437
29438
29439
29440
29443
29445
29448
29451
29453
29456
29457
29459
29461
29463
29465
29466
29468
29469
29471
29474
29475
29477
29478
29481
29483
29486
29488
29490
29495
29499
29500
29502
29505
29509
29510
29519
29521
29522
29526
29533
29535
29536
29538
29539
29547
29552
29554
29556
29558
29559
29561
29562
29563
29566
29567
29570
29571
29573
29577
29578
29588
29589
29593
29594
29596
29598
29610
29611
29612
29615
29618
29621
29622
29624
29628
29630
29631
29632
29633
29634
29635
29640
29641
29643
29644
29646
29651
29653
29654
29661
29662
29666
29667
29669
29671
29672
29673
29675
29676
29680
29682
29683
29685
29686
29687
29690
29692
29694
29695
29697
29699
29700
29701
29705
29706
29707
29709
29712
29713
29714
29719
29720
29722
29725
29727
29729
29731
29733
29739
29742
29744
29752
29753
29754
29758
29760
29761
29765
29770
29772
29774
29776
29780
29782
29783
29787
29788
29789
29790
29794
29799
29801
29805
29806
29809
29810
29811
29815
29817
29819
29822
29823
29825
29826
29828
29830
29834
29835
29840
29842
29844
29847
29848
29852
29860
29861
29863
29866
29869
29872
29873
29875
29876
29877
29878
29879
29880
29882
29883
29884
29887
29889
29890
29893
29894
29897
29903
29904
29906
29907
29910
29912
29913
29914
29915
29918
29919
29922
29925
29926
29927
29928
29929
29932
29933
29934
29938
29940
29944
29948
29949
29952
29953
29954
29955
29956
29958
29959
29960
29964
29967
29968
29971
29973
29974
29976
29977
29978
29980
29982
29985
29986
29987
29989
29992
29993
29996
29999
30001
30003
30005
30006
30010
30011
30012
30017
30018
30022
30023
30024
30026
30029
30030
30035
30037
30038
30039
30040
30041
30044
30045
30051
30052
30055
30057
30061
30063
30064
30071
30072
30073
30074
30076
30077
30078
30082
30086
30093
30095
30096
30104
30106
30109
30110
30112
30115
30122
30123
30125
30129
30131
30134
30138
30141
30143
30145
30146
30148
30151
30153
30155
30156
30158
30160
30161
30162
30165
30168
30170
30172
30173
30176
30178
30179
30180
30181
30182
30185
30189
30190
30193
30196
30197
30201
30204
30206
30207
30208
30209
30212
30216
30218
30220
30221
30222
30223
30224
30228
30229
30230
30231
30233
30234
30238
30241
30244
30246
30248
30252
30254
30255
30256
30257
30261
30264
30265
30268
30269
30275
30276
30281
30283
30287
30288
30289
30290
30294
30307
30309
30310
30315
30318
30323
30324
30325
30327
30328
30331
30335
30336
30340
30341
30343
30346
30347
30350
30351
30352
30353
30357
30359
30361
30362
30365
30367
30372
30376
30377
30382
30384
30386
30387
30388
30391
30402
30412
30415
30420
30422
30424
30430
30432
30434
30437
30440
30444
30445
30446
30447
30448
30449
30450
30452
30453
30454
30456
30458
30459
30461
30462
30464
30466
30468
30473
30480
30482
30483
30490
30493
30495
30499
30504
30507
30512
30514
30515
30518
30523
30524
30531
30533
30543
30549
30553
30560
30561
30562
30564
30565
30566
30574
30578
30582
30590
30591
30592
30594
30595
30597
30600
30601
30604
30606
30608
30612
30615
30616
30618
30621
30625
30633
30634
30635
30636
30637
30638
30640
30641
30643
30646
30648
30650
30652
30655
30656
30658
30660
30662
30665
30667
30670
30674
30680
30682
30686
30687
30689
30692
30694
30698
30700
30704
30705
30707
30708
30712
30722
30724
30726
30731
30732
30734
30738
30743
30745
30746
30748
30750
30752
30757
30761
30762
30763
30764
30765
30766
30769
30772
30773
30775
30776
30785
30791
30792
30796
30798
30801
30802
30804
30808
30810
30812
30814
30817
30820
30821
30822
30825
30826
30828
30829
30831
30832
30833
30835
30837
30838
30842
30845
30848
30849
30850
30855
30856
30858
30862
30866
30867
30871
30874
30877
30884
30887
30889
30891
30899
30904
30905
30908
30909
30911
30912
30914
30916
30918
30920
30921
30933
30937
30939
30940
30942
30947
30958
30962
30964
30965
30970
30971
30972
30978
30986
30988
30989
30992
30993
30997
31000
31001
31003
31005
31006
31009
31011
31014
31018
31020
31022
31038
31039
31040
31041
31049
31055
31061
31062
31065
31066
31067
31070
31074
31077
31080
31081
31085
31086
31088
31103
31105
31106
31109
31111
31114
31115
31116
31117
31118
31123
31126
31129
31133
31135
31137
31139
31140
31144
31148
31152
31153
31157
31162
31165
31166
31167
31168
31173
31174
31177
31178
31180
31185
31189
31191
31192
31194
31197
31198
31199
31203
31204
31205
31206
31208
31209
31210
31217
31221
31224
31225
31226
31227
31228
31230
31232
31236
31239
31240
31242
31243
31245
31247
31249
31252
31253
31254
31255
31260
31261
31263
31266
31267
31269
31283
31285
31287
31291
31294
31297
31298
31300
31305
31311
31312
31315
31317
31318
31326
31327
31330
31331
31335
31336
31338
31342
31343
31344
31345
31348
31352
31359
31360
31362
31363
31367
31368
31369
31374
31376
31380
31383
31384
31386
31387
31390
31391
31392
31399
31400
31407
31408
31409
31411
31413
31414
31415
31416
31417
31419
31420
31421
31422
31424
31425
31426
31428
31429
31430
31432
31433
31434
31435
31441
31443
31444
31447
31448
31449
31450
31451
31452
31453
31457
31458
31461
31462
31463
31465
31469
31474
31476
31478
31479
31480
31482
31488
31489
31491
31492
31493
31496
31498
31506
31507
31510
31511
31513
31515
31516
31521
31526
31529
31532
31533
31535
31540
31542
31547
31549
31550
31556
31561
31562
31565
31567
31572
31575
31577
31581
31587
31590
31591
31595
31597
31598
31599
31600
31601
31603
31604
31605
31606
31607
31608
31612
31613
31621
31624
31626
31629
31632
31633
31635
31636
31637
31638
31639
31641
31647
31651
31654
31656
31658
31661
31668
31669
31673
31674
31677
31678
31684
31687
31690
31692
31697
31699
31709
31711
31714
31718
31722
31723
31730
31732
31738
31740
31742
31743
31747
31748
31749
31753
31760
31762
31764
31769
31773
31774
31782
31786
31793
31798
31803
31804
31805
31808
31810
31815
31817
31819
31822
31823
31824
31826
31829
31831
31833
31835
31836
31837
31844
31846
31847
31850
31851
31853
31858
31859
31860
31862
31867
31871
31873
31877
31878
31880
31881
31893
31894
31902
31905
31906
31909
31915
31917
31918
31920
31922
31923
31924
31928
31929
31932
31933
31934
31936
31938
31939
31940
31943
31945
31946
31951
31953
31955
31961
31967
31976
31977
31982
31984
31985
31986
31987
31988
31989
31990
31991
31994
31997
31999
32002
32009
32019
32022
32026
32030
32036
32039
32040
32041
32042
32044
32050
32051
32052
32055
32060
32064
32072
32074
32075
32077
32080
32081
32082
32083
32084
32086
32090
32091
32098
32104
32108
32109
32114
32119
32121
32126
32129
32133
32134
32138
32146
32149
32151
32152
32156
32158
32159
32161
32164
32167
32168
32169
32176
32177
32178
32180
32183
32185
32186
32191
32193
32196
32201
32202
32206
32207
32210
32217
32222
32226
32229
32230
32232
32233
32235
32244
32247
32248
32249
32253
32255
32258
32262
32271
32272
32273
32275
32277
32278
32281
32283
32285
32286
32287
32288
32294
32296
32303
32307
32309
32311
32317
32326
32327
32330
32331
32335
32341
32343
32344
32346
32351
32354
32362
32363
32370
32375
32377
32385
32387
32394
32405
32411
32418
32423
32425
32427
32429
32437
32441
32444
32446
32448
32452
32453
32468
32470
32473
32475
32485
32486
32487
32492
32493
32505
32507
32508
32515
32521
32522
32526
32527
32531
32532
32533
32534
32535
32542
32545
32551
32554
32556
32573
32574
32579
32581
32588
32590
32592
32594
32596
32602
32603
32605
32612
32619
32630
32631
32635
32636
32640
32644
32645
32653
32657
32658
32661
32662
32663
32664
32666
32668
32669
32677
32682
32689
32690
32691
32692
32695
32699
32700
32704
32705
32706
32714
32715
32716
32721
32722
32727
32730
32734
32739
32742
32743
32750
32757
32758
32761
32769
32772
32776
32777
32778
32780
32783
32784
32786
32788
32798
32799
32802
32805
32816
32819
32823
32828
32831
32833
32836
32838
32843
32854
32859
32861
32871
32873
32876
32878
32879
32880
32881
32884
32886
32899
32907
32909
32910
32912
32915
32917
32918
32919
32927
32928
32934
32944
32963
32965
32967
32971
32973
32977
32978
32989
32991
33002
33004
33007
33009
33010
33011
33012
33016
33018
33040
33044
33046
33048
33050
33051
33069
33074
33075
33076
33077
33084
33087
33090
33096
33106
33114
33117
33120
33121
33125
33129
33130
33132
33135
33136
33138
33142
33153
33155
33157
33158
33159
33160
33166
33168
33170
33171
33173
33175
33177
33187
33198
33200
33208
33215
33218
33219
33221
33224
33225
33230
33236
33239
33243
33248
33254
33255
33258
33263
33267
33287
33289
33291
33292
33294
33295
33299
33303
33306
33309
33310
33311
33314
33319
33320
33323
33327
33333
33341
33343
33345
33349
33350
33352
33356
33358
33360
33370
33378
33379
33382
33384
33388
33389
33390
33391
33398
33402
33403
33407
33422
33426
33429
33431
33432
33434
33435
33439
33442
33444
33446
33458
33459
33460
33461
33463
33468
33472
33473
33475
33482
33483
33485
33488
33490
33492
33493
33495
33499
33500
33502
33505
33508
33509
33513
33516
33518
33525
33528
33532
33546
33552
33556
33559
33561
33569
33571
33573
33581
33583
33584
33591
33592
33596
33602
33609
33610
33611
33613
33618
33621
33622
33623
33624
33628
33636
33637
33638
33640
33643
33648
33649
33655
33658
33659
33666
33668
33670
33676
33682
33683
33684
33687
33690
33696
33702
33714
33715
33718
33719
33728
33729
33730
33733
33734
33738
33739
33748
33749
33750
33754
33756
33769
33771
33777
33780
33782
33783
33784
33787
33792
33797
33799
33802
33804
33816
33817
33819
33820
33822
33825
33827
33836
33840
33844
33846
33847
33851
33855
33857
33861
33866
33867
33872
33878
33886
33896
33900
33903
33912
33917
33929
33931
33932
33936
33938
33939
33945
33947
33949
33962
33963
33965
33968
33974
33975
33981
33982
33984
33989
33990
33992
33994
33995
33997
34004
34005
34007
34009
34010
34019
34021
34022
34023
34024
34028
34029
34031
34033
34034
34039
34042
34043
34051
34052
34058
34060
34062
34065
34067
34070
34074
34076
34082
34084
34087
34088
34093
34094
34098
34104
34106
34108
34109
34110
34113
34125
34128
34133
34137
34143
34145
34149
34153
34155
34159
34165
34166
34167
34171
34172
34173
34175
34176
34184
34185
34193
34201
34202
34210
34211
34212
34213
34216
34218
34221
34225
34226
34231
34232
34233
34234
34236
34239
34240
34241
34247
34249
34253
34257
34258
34260
34267
34268
34269
34272
34273
34274
34278
34279
34283
34284
34285
34287
34304
34308
34311
34314
34315
34316
34318
34319
34320
34340
34342
34343
34346
34347
34353
34361
34364
34368
34369
34370
34373
34376
34381
34383
34389
34390
34391
34395
34397
34399
34403
34404
34416
34422
34423
34429
34430
34439
34442
34443
34445
34447
34448
34449
34455
34456
34457
34458
34467
34468
34470
34476
34479
34481
34489
34493
34494
34495
34496
34498
34502
34504
34505
34508
34509
34512
34515
34522
34528
34529
34531
34532
34533
34535
34536
34537
34538
34539
34540
34546
34547
34548
34558
34560
34569
34571
34578
34580
34581
34584
34585
34586
34589
34593
34594
34596
34603
34604
34606
34607
34608
34610
34613
34617
34630
34634
34635
34637
34640
34641
34646
34655
34659
34661
34664
34665
34669
34672
34680
34681
34682
34686
34693
34694
34695
34696
34697
34699
34701
34708
34711
34715
34719
34721
34726
34731
34735
34739
34742
34745
34746
34749
34750
34756
34757
34762
34766
34767
34768
34771
34775
34776
34786
34797
34801
34802
34803
34811
34816
34818
34826
34827
34828
34830
34838
34840
34842
34847
34849
34852
34855
34858
34859
34863
34866
34867
34868
34870
34873
34875
34876
34878
34881
34882
34886
34887
34890
34895
34897
34902
34909
34911
34914
34917
34923
34926
34927
34929
34937
34939
34940
34941
34946
34950
34955
34957
34961
34962
34967
34971
34973
34974
34976
34977
34979
34982
34983
34988
34990
34994
35006
35014
35019
35020
35023
35026
35028
35033
35035
35039
35044
35047
35049
35050
35051
35053
35054
35055
35060
35065
35068
35070
35077
35078
35080
35082
35091
35092
35103
35105
35106
35107
35112
35113
35114
35120
35121
35124
35132
35135
35140
35142
35144
35147
35152
35153
35154
35158
35161
35162
35167
35168
35172
35173
35175
35177
35180
35182
35186
35190
35194
35196
35200
35202
35204
35213
35216
35218
35227
35229
35234
35236
35243
35244
35250
35252
35254
35255
35257
35268
35269
35270
35278
35285
35287
35289
35293
35298
35305
35307
35309
35312
35317
35318
35322
35326
35330
35333
35341
35351
35352
35362
35365
35369
35371
35372
35373
35380
35387
35388
35389
35390
35393
35395
35397
35400
35413
35415
35419
35422
35423
35424
35425
35426
35428
35429
35431
35434
35437
35438
35444
35447
35454
35459
35461
35462
35465
35467
35468
35483
35495
35513
35515
35520
35523
35524
35528
35536
35537
35542
35544
35545
35546
35548
35553
35554
35557
35562
35565
35567
35568
35569
35570
35574
35575
35580
35582
35585
35586
35593
35597
35599
35612
35615
35617
35618
35619
35620
35623
35624
35630
35634
35637
35652
35656
35658
35674
35676
35680
35683
35686
35688
35689
35690
35691
35695
35696
35701
35703
35706
35709
35714
35716
35723
35725
35726
35728
35730
35734
35737
35744
35748
35749
35750
35751
35752
35753
35754
35755
35767
35769
35772
35774
35778
35780
35786
35788
35791
35793
35797
35803
35804
35807
35809
35814
35818
35823
35824
35826
35828
35829
35832
35836
35838
35839
35842
35845
35851
35856
35859
35860
35861
35867
35872
35877
35884
35887
35890
35892
35895
35900
35901
35906
35912
35917
35918
35920
35929
35930
35933
35935
35941
35945
35948
35949
35951
35956
35961
35962
35964
35967
35971
35974
35975
35976
35977
35980
35981
35983
35984
35986
35988
35993
35994
35997
35999
36000
36002
36004
36007
36009
36011
36014
36016
36019
36024
36029
36030
36031
36034
36039
36040
36045
36061
36062
36065
36071
36072
36073
36074
36078
36096
36102
36104
36116
36121
36126
36127
36143
36146
36148
36159
36164
36171
36174
36176
36179
36181
36184
36186
36187
36188
36190
36192
36196
36202
36205
36207
36208
36209
36212
36214
36219
36223
36227
36235
36243
36244
36252
36258
36271
36273
36277
36280
36284
36287
36292
36293
36294
36298
36300
36301
36302
36304
36306
36308
36314
36318
36326
36330
36334
36339
36342
36351
36356
36360
36370
36382
36383
36384
36388
36398
36404
36407
36416
36421
36422
36423
36425
36426
36427
36429
36444
36446
36447
36455
36456
36457
36463
36468
36469
36473
36487
36492
36493
36494
36509
36511
36516
36526
36530
36534
36542
36548
36549
36550
36551
36561
36563
36584
36588
36591
36595
36597
36605
36607
36608
36611
36615
36618
36631
36637
36642
36647
36648
36660
36661
36663
36664
36670
36674
36677
36678
36682
36683
36685
36688
36698
36702
36708
36715
36717
36718
36724
36726
36728
36729
36731
36734
36735
36737
36743
36749
36761
36762
36765
36775
36785
36789
36790
36799
36801
36803
36807
36809
36815
36818
36828
36832
36837
36840
36850
36851
36856
36857
36858
36865
36866
36869
36871
36873
36874
36885
36887
36891
36894
36896
36907
36908
36911
36918
36923
36927
36929
36938
36942
36944
36946
36947
36950
36953
36954
36958
36960
36961
36967
36970
36982
36983
36985
36989
37002
37003
37004
37005
37008
37009
37011
37012
37022
37028
37034
37037
37039
37046
37047
37068
37080
37081
37083
37088
37091
37092
37097
37101
37102
37104
37110
37112
37120
37130
37134
37136
37137
37145
37146
37149
37151
37152
37154
37155
37158
37162
37165
37169
37173
37177
37178
37180
37182
37187
37189
37205
37207
37211
37212
37214
37228
37238
37241
37244
37245
37247
37257
37260
37265
37270
37272
37273
37282
37283
37284
37295
37303
37312
37313
37314
37318
37322
37329
37332
37338
37345
37346
37347
37348
37356
37359
37363
37364
37366
37373
37381
37382
37384
37389
37390
37391
37395
37398
37405
37408
37409
37418
37419
37422
37427
37432
37441
37442
37447
37449
37450
37451
37452
37461
37474
37482
37485
37490
37492
37496
37504
37505
37506
37517
37524
37526
37528
37531
37534
37538
37539
37544
37545
37546
37548
37549
37550
37557
37558
37559
37562
37565
37566
37570
37571
37582
37584
37588
37590
37594
37601
37605
37607
37609
37613
37615
37618
37627
37629
37631
37636
37637
37648
37649
37653
37654
37660
37661
37662
37663
37669
37674
37676
37677
37690
37695
37696
37699
37703
37710
37712
37720
37725
37733
37734
37739
37747
37749
37752
37753
37754
37756
37757
37766
37768
37770
37772
37773
37779
37784
37786
37787
37790
37798
37799
37803
37812
37819
37821
37827
37831
37840
37842
37844
37846
37847
37848
37850
37859
37862
37863
37871
37872
37873
37874
37878
37884
37887
37889
37891
37894
37895
37898
37901
37903
37905
37907
37911
37929
37934
37936
37940
37942
37944
37950
37962
37970
37972
37983
37988
37990
37991
37996
37998
38004
38005
38022
38028
38029
38030
38034
38035
38039
38042
38045
38046
38054
38064
38068
38069
38072
38076
38077
38078
38080
38084
38093
38098
38102
38103
38104
38110
38111
38113
38116
38117
38118
38121
38124
38130
38131
38133
38147
38155
38160
38166
38180
38188
38189
38191
38197
38198
38199
38204
38205
38208
38209
38211
38214
38216
38219
38227
38228
38232
38237
38253
38258
38259
38263
38264
38267
38269
38270
38272
38274
38275
38281
38285
38293
38294
38304
38307
38308
38315
38319
38326
38329
38330
38333
38337
38338
38342
38349
38356
38357
38367
38370
38371
38373
38374
38375
38376
38377
38379
38380
38381
38399
38402
38405
38409
38412
38414
38417
38420
38421
38426
38430
38434
38447
38449
38451
38454
38457
38458
38459
38461
38462
38469
38479
38480
38482
38497
38509
38537
38539
38544
38546
38547
38549
38555
38562
38570
38576
38586
38592
38601
38603
38604
38607
38625
38627
38630
38631
38634
38636
38641
38644
38647
38649
38650
38653
38658
38668
38671
38688
38694
38696
38698
38711
38712
38715
38716
38720
38721
38722
38725
38730
38732
38742
38743
38744
38747
38748
38755
38756
38757
38758
38759
38761
38768
38780
38781
38789
38790
38793
38797
38799
38806
38816
38828
38832
38835
38843
38844
38849
38852
38854
38864
38865
38871
38876
38879
38881
38882
38886
38887
38888
38891
38893
38898
38907
38913
38914
38915
38918
38923
38925
38932
38933
38938
38939
38947
38953
38960
38961
38991
39004
39006
39008
39011
39012
39013
39014
39016
39025
39028
39030
39040
39051
39055
39058
39061
39070
39074
39079
39085
39093
39097
39121
39124
39125
39126
39127
39131
39132
39138
39142
39144
39145
39157
39158
39164
39165
39169
39173
39175
39179
39185
39191
39192
39196
39197
39204
39205
39207
39210
39220
39222
39224
39226
39229
39239
39242
39248
39249
39251
39258
39261
39265
39268
39270
39272
39273
39277
39283
39285
39286
39294
39302
39305
39320
39323
39336
39337
39338
39339
39341
39346
39348
39358
39364
39365
39368
39377
39380
39382
39387
39390
39399
39404
39407
39412
39413
39417
39418
39421
39425
39428
39430
39433
39434
39438
39439
39440
39444
39447
39450
39458
39465
39466
39468
39481
39483
39490
39491
39494
39497
39504
39508
39511
39517
39518
39526
39531
39535
39546
39549
39551
39560
39563
39565
39571
39579
39586
39590
39592
39595
39628
39631
39637
39641
39642
39647
39650
39682
39683
39684
39694
39699
39700
39705
39711
39718
39743
39744
39748
39758
39761
39763
39767
39770
39773
39781
39783
39784
39785
39786
39806
39812
39824
39826
39831
39836
39838
39839
39861
39865
39871
39881
39885
39890
39891
39896
39899
39907
39908
39911
39913
39915
39925
39942
39957
39965
39980
39983
39984
39987
39990
39996
40000
40004
40005
40006
40024
40028
40044
40053
40058
40064
40071
40075
40095
40096
40098
40102
40104
40117
40120
40133
40135
40142
40143
40147
40156
40157
40158
40167
40172
40176
40180
40181
40193
40200
40202
40203
40207
40211
40214
40216
40217
40222
40223
40225
40227
40229
40238
40251
40254
40256
40268
40280
40287
40298
40306
40318
40320
40325
40332
40348
40359
40366
40379
40392
40393
40402
40403
40410
40411
40413
40417
40422
40424
40426
40458
40464
40477
40486
40488
40493
40497
40501
40507
40515
40541
40545
40550
40555
40557
40560
40561
40565
40579
40583
40591
40594
40596
40600
40603
40605
40612
40617
40622
40626
40630
40631
40632
40633
40644
40649
40650
40652
40655
40658
40663
40665
40668
40669
40676
40682
40683
40691
40693
40694
40699
40701
40709
40714
40725
40727
40745
40749
40750
40760
40763
40775
40778
40789
40792
40793
40794
40800
40804
40824
40828
40836
40851
40855
40857
40859
40860
40861
40864
40875
40880
40886
40895
40902
40904
40918
40924
40927
40933
40939
40941
40948
40949
40951
40952
40953
40961
40965
40969
40977
40988
40994
41009
41010
41012
41017
41018
41019
41020
41027
41032
41041
41062
41064
41075
41076
41080
41085
41089
41091
41094
41103
41104
41130
41132
41134
41137
41146
41147
41151
41155
41157
41163
41168
41172
41174
41209
41218
41219
41222
41230
41236
41240
41241
41247
41282
41289
41303
41305
41319
41321
41333
41339
41341
41348
41352
41366
41373
41381
41387
41391
41397
41412
41419
41422
41423
41427
41428
41436
41437
41446
41464
41469
41480
41482
41519
41520
41521
41528
41533
41549
41553
41555
41564
41566
41570
41573
41580
41583
41590
41591
41597
41600
41604
41615
41622
41623
41625
41627
41630
41632
41650
41653
41661
41662
41678
41683
41701
41702
41709
41720
41732
41742
41747
41764
41777
41779
41789
41791
41803
41806
41807
41811
41818
41836
41859
41867
41870
41875
41878
41883
41887
41893
41896
41898
41904
41924
41930
41935
41938
41943
41963
41970
41975
41987
41992
41994
42002
42003
42010
42011
42022
42025
42026
42028
42031
42051
42058
42060
42064
42068
42088
42092
42094
42101
42103
42105
42110
42125
42126
42127
42128
42130
42136
42140
42143
42147
42148
42150
42153
42154
42155
42156
42158
42168
42169
42172
42175
42186
42194
42199
42203
42211
42217
42219
42220
42224
42226
42243
42246
42252
42263
42285
42286
42307
42311
42330
42333
42345
42348
42350
42353
42356
42361
42362
42374
42375
42376
42383
42385
42386
42389
42401
42402
42407
42414
42416
42427
42434
42441
42449
42450
42451
42453
42454
42455
42459
42461
42466
42485
42495
42496
42502
42515
42518
42529
42530
42536
42542
42544
42548
42552
42557
42562
42566
42574
42577
42595
42596
42608
42616
42617
42627
42642
42645
42648
42658
42663
42670
42691
42699
42709
42711
42713
42714
42716
42723
42725
42729
42732
42734
42735
42738
42752
42753
42760
42761
42768
42770
42774
42788
42791
42804
42808
42810
42812
42814
42826
42827
42828
42845
42858
42861
42868
42871
42874
42876
42887
42892
42902
42909
42912
42924
42928
42930
42934
42947
42954
42958
42964
42970
42978
42980
42990
42993
42995
42996
42997
43002
43005
43017
43019
43020
43029
43036
43037
43039
43046
43054
43060
43067
43085
43094
43100
43108
43112
43119
43122
43130
43131
43132
43135
43142
43145
43146
43149
43152
43154
43156
43160
43168
43175
43177
43183
43184
43185
43188
43192
43200
43204
43214
43216
43221
43225
43228
43229
43234
43236
43242
43243
43244
43251
43254
43257
43259
43266
43267
43268
43282
43283
43284
43291
43292
43315
43317
43323
43329
43330
43331
43336
43337
43338
43342
43346
43349
43362
43365
43366
43367
43371
43373
43375
43379
43380
43390
43393
43399
43401
43402
43405
43411
43424
43429
43432
43433
43435
43440
43441
43448
43451
43453
43455
43457
43472
43478
43481
43484
43486
43496
43501
43502
43505
43514
43515
43519
43542
43552
43554
43555
43572
43573
43582
43585
43591
43595
43600
43604
43607
43608
43609
43610
43619
43631
43633
43634
43636
43644
43650
43652
43657
43658
43660
43666
43667
43673
43677
43679
43680
43691
43694
43697
43701
43702
43703
43706
43714
43717
43723
43731
43732
43733
43734
43736
43737
43743
43746
43751
43752
43753
43754
43759
43762
43764
43765
43773
43778
43779
43794
43799
43800
43809
43817
43820
43828
43830
43832
43837
43841
43845
43849
43851
43854
43859
43861
43863
43867
43870
43873
43888
43896
43908
43912
43914
43918
43920
43922
43927
43929
43934
43937
43940
43944
43945
43955
43958
43960
43971
43973
43977
43980
44002
44005
44006
44008
44011
44013
44015
44016
44021
44027
44034
44037
44040
44045
44050
44055
44064
44066
44068
44071
44074
44077
44078
44081
44085
44089
44092
44100
44101
44103
44108
44109
44110
44116
44126
44132
44136
44142
44144
44155
44156
44158
44163
44167
44168
44171
44175
44176
44183
44188
44194
44205
44206
44215
44216
44218
44220
44222
44242
44246
44247
44249
44258
44260
44265
44266
44269
44270
44271
44272
44276
44277
44279
44280
44281
44283
44284
44287
44292
44296
44304
44305
44311
44313
44317
44318
44321
44323
44326
44327
44329
44334
44339
44341
44342
44343
44346
44354
44365
44370
44375
44376
44383
44385
44389
44391
44393
44394
44399
44402
44408
44418
44419
44422
44425
44427
44430
44439
44443
44447
44452
44464
44466
44474
44481
44482
44483
44489
44494
44497
44505
44506
44515
44523
44525
44529
44543
44548
44549
44552
44553
44562
44563
44567
44572
44579
44580
44585
44590
44600
44608
44612
44613
44614
44615
44616
44617
44618
44619
44620
44623
44624
44628
44635
44644
44646
44653
44662
44672
44674
44677
44679
44691
44694
44695
44698
44718
44727
44728
44737
44738
44740
44743
44748
44751
44752
44754
44758
44772
44779
44780
44782
44785
44793
44800
44803
44808
44821
44824
44827
44830
44834
44835
44840
44842
44844
44845
44846
44848
44859
44867
44871
44881
44887
44894
44907
44912
44916
44918
44924
44928
44932
44934
44936
44938
44943
44953
44957
44968
44973
44982
44985
44987
44988
45002
45008
45009
45010
45014
45016
45020
45025
45028
45029
45031
45036
45044
45051
45054
45058
45063
45075
45083
45086
45091
45093
45096
45104
45123
45126
45133
45134
45137
45144
45154
45158
45160
45168
45171
45175
45181
45184
45196
45200
45201
45203
45204
45208
45217
45218
45219
45225
45237
45241
45243
45248
45250
45254
45255
45259
45266
45267
45268
45270
45275
45276
45288
45293
45301
45303
45305
45306
45309
45312
45318
45324
45328
45340
45345
45346
45351
45353
45354
45356
45364
45372
45373
45376
45381
45384
45391
45396
45401
45404
45407
45415
45422
45427
45430
45434
45441
45442
45447
45449
45450
45452
45453
45455
45457
45465
45467
45468
45472
45473
45478
45480
45488
45491
45499
45500
45506
45509
45512
45515
45516
45519
45521
45530
45533
45541
45543
45547
45550
45551
45553
45555
45559
45561
45564
45565
45575
45581
45584
45596
45602
45605
45606
45608
45611
45615
45617
45620
45621
45622
45628
45633
45635
45637
45642
45643
45644
45648
45657
45663
45664
45666
45670
45673
45676
45677
45681
45684
45687
45693
45699
45705
45718
45729
45730
45736
45746
45747
45748
45750
45757
45758
45760
45761
45770
45773
45775
45777
45780
45792
45801
45803
45806
45812
45814
45823
45825
45834
45850
45860
45866
45871
45875
45882
45890
45898
45907
45909
45912
45922
45925
45930
45935
45941
45953
45955
45969
45980
45998
46004
46014
46019
46021
46022
46025
46026
46028
46047
46048
46069
46073
46088
46090
46096
46104
46110
46112
46115
46117
46124
46132
46134
46140
46143
46157
46158
46159
46165
46167
46174
46179
46183
46188
46195
46197
46203
46205
46207
46208
46218
46219
46222
46223
46227
46237
46238
46240
46255
46266
46267
46273
46274
46280
46285
46288
46292
46298
46300
46302
46308
46309
46324
46327
46339
46340
46350
46371
46381
46385
46397
46398
46399
46404
46447
46455
46457
46466
46468
46472
46482
46488
46495
46500
46502
46514
46515
46526
46532
46539
46546
46548
46550
46554
46560
46566
46577
46582
46588
46591
46594
46596
46608
46609
46619
46628
46629
46630
46633
46640
46656
46669
46682
46689
46702
46703
46717
46725
46729
46730
46736
46737
46740
46741
46748
46753
46757
46768
46769
46777
46779
46780
46790
46802
46805
46811
46812
46823
46834
46847
46854
46875
46876
46880
46888
46901
46910
46915
46917
46926
46932
46936
46941
46953
46960
46961
46962
46963
46968
46976
46979
46980
46984
46987
46995
46996
46998
47003
47008
47012
47024
47029
47035
47038
47042
47043
47045
47046
47051
47053
47056
47063
47075
47080
47081
47084
47090
47097
47098
47101
47107
47109
47111
47114
47116
47127
47128
47132
47133
47134
47139
47153
47162
47164
47165
47166
47170
47177
47178
47181
47187
47193
47194
47201
47203
47206
47207
47211
47213
47214
47220
47224
47226
47238
47240
47250
47256
47257
47260
47263
47272
47279
47283
47290
47292
47300
47304
47308
47313
47314
47315
47319
47321
47322
47323
47328
47330
47343
47348
47354
47356
47357
47358
47361
47362
47365
47377
47381
47384
47389
47391
47394
47396
47397
47399
47400
47407
47409
47416
47417
47420
47422
47423
47425
47426
47429
47433
47440
47443
47453
47457
47458
47460
47465
47467
47469
47471
47472
47474
47478
47481
47482
47488
47492
47496
47498
47518
47520
47532
47533
47534
47535
47537
47538
47540
47541
47542
47548
47550
47553
47554
47556
47557
47558
47575
47588
47591
47593
47600
47604
47610
47612
47615
47624
47627
47630
47632
47634
47636
47637
47647
47653
47655
47658
47659
47671
47673
47675
47677
47678
47682
47684
47691
47697
47699
47702
47704
47706
47708
47715
47719
47720
47722
47723
47738
47745
47746
47750
47753
47763
47772
47777
47778
47781
47784
47788
47793
47795
47801
47808
47814
47816
47823
47826
47832
47836
47838
47842
47845
47846
47849
47851
47862
47866
47867
47868
47877
47887
47890
47896
47901
47928
47929
47932
47933
47934
47942
47943
47944
47950
47956
47959
47962
47971
47972
47978
47979
47981
47985
48005
48012
48016
48030
48031
48033
48034
48035
48037
48044
48050
48053
48056
48060
48063
48066
48070
48072
48081
48083
48084
48085
48088
48092
48093
48096
48103
48105
48110
48115
48117
48124
48127
48128
48130
48134
48137
48144
48153
48160
48161
48162
48173
48177
48179
48183
48189
48194
48196
48199
48201
48205
48207
48211
48214
48222
48225
48226
48228
48230
48233
48234
48240
48241
48245
48247
48255
48261
48262
48271
48275
48282
48285
48287
48288
48294
48298
48301
48303
48304
48310
48313
48316
48325
48336
48342
48343
48347
48357
48362
48363
48364
48368
48369
48374
48378
48379
48380
48390
48394
48395
48407
48409
48413
48417
48418
48424
48435
48438
48439
48440
48443
48445
48456
48458
48459
48460
48463
48466
48467
48479
48489
48490
48496
48499
48503
48506
48507
48509
48512
48519
48523
48531
48536
48545
48550
48569
48571
48572
48587
48596
48599
48607
48612
48617
48621
48622
48625
48629
48631
48632
48635
48637
48642
48644
48649
48651
48652
48654
48658
48662
48665
48666
48672
48673
48677
48679
48683
48685
48687
48694
48697
48700
48702
48705
48711
48713
48719
48725
48732
48733
48734
48740
48741
48742
48745
48754
48760
48763
48766
48771
48772
48785
48789
48791
48792
48795
48797
48798
48808
48810
48815
48817
48818
48821
48826
48828
48834
48836
48850
48851
48856
48857
48859
48866
48867
48870
48871
48874
48876
48878
48888
48893
48903
48907
48914
48915
48916
48919
48923
48924
48928
48934
48936
48941
48944
48945
48949
48950
48952
48954
48959
48966
48969
48974
48976
48979
48980
48983
48989
48991
48995
48996
48999
49005
49013
49017
49021
49025
49028
49029
49030
49036
49038
49040
49041
49042
49052
49053
49055
49056
49061
49090
49097
49101
49102
49105
49111
49113
49117
49118
49126
49130
49133
49135
49143
49145
49153
49154
49155
49159
49166
49167
49168
49170
49171
49174
49179
49183
49186
49187
49188
49190
49195
49198
49201
49206
49208
49209
49215
49224
49225
49231
49234
49236
49247
49250
49258
49261
49278
49283
49289
49291
49297
49298
49301
49302
49306
49307
49318
49321
49326
49329
49338
49341
49342
49345
49350
49354
49355
49361
49377
49380
49383
49387
49392
49396
49397
49398
49400
49401
49402
49404
49406
49407
49410
49411
49416
49418
49423
49424
49425
49438
49443
49452
49454
49456
49459
49461
49463
49464
49466
49471
49477
49479
49480
49484
49485
49496
49502
49507
49512
49513
49514
49517
49518
49522
49527
49529
49535
49537
49538
49540
49543
49548
49566
49571
49572
49573
49579
49582
49585
49589
49595
49596
49613
49615
49619
49630
49633
49638
49639
49641
49644
49647
49650
49652
49656
49658
49662
49663
49664
49665
49666
49669
49685
49693
49700
49702
49703
49707
49712
49723
49727
49734
49736
49737
49741
49742
49748
49749
49754
49756
49760
49765
49772
49774
49775
49779
49786
49793
49794
49798
49801
49806
49816
49819
49827
49828
49842
49851
49856
49860
49863
49865
49867
49869
49872
49873
49878
49886
49891
49893
49906
49909
49911
49917
49924
49926
49927
49935
49936
49942
49945
49946
49949
49955
49965
49969
49978
49983
49991
49994
49998
50006
50007
50010
50015
50017
50029
50033
50036
50045
50046
50048
50052
50053
50054
50057
50063
50074
50080
50082
50088
50100
50105
50108
50110
50113
50115
50117
50124
50128
50130
50131
50132
50137
50139
50143
50145
50146
50150
50153
50157
50162
50168
50172
50178
50180
50183
50186
50187
50188
50189
50192
50198
50205
50207
50208
50223
50225
50235
50236
50252
50254
50257
50267
50270
50272
50273
50278
50285
50288
50289
50291
50292
50295
50299
50300
50306
50310
50323
50324
50328
50330
50341
50342
50345
50349
50359
50364
50366
50368
50369
50370
50375
50382
50383
50384
50385
50387
50388
50395
50396
50399
50400
50410
50425
50426
50435
50440
50445
50447
50448
50450
50452
50458
50475
50477
50481
50484
50485
50497
50498
50501
50503
50507
50512
50514
50519
50520
50530
50533
50536
50538
50540
50548
50553
50557
50559
50562
50565
50567
50569
50570
50573
50578
50582
50586
50588
50592
50597
50598
50605
50606
50607
50608
50610
50611
50621
50625
50629
50635
50636
50645
50648
50650
50652
50659
50663
50667
50669
50672
50674
50677
50678
50683
50687
50690
50691
50695
50701
50702
50703
50705
50708
50716
50721
50722
50725
50733
50740
50748
50753
50757
50768
50769
50787
50789
50795
50796
50806
50810
50811
50812
50814
50817
50826
50828
50830
50832
50834
50836
50841
50848
50849
50852
50855
50859
50869
50883
50884
50888
50891
50896
50897
50900
50903
50908
50909
50918
50929
50930
50933
50934
50942
50945
50947
50950
50952
50953
50961
50962
50965
50966
50969
50976
50977
50978
50990
50991
50994
50999
51009
51010
51011
51015
51027
51028
51029
51031
51032
51033
51038
51040
51044
51046
51052
51057
51059
51062
51066
51070
51075
51077
51078
51092
51097
51109
51110
51111
51112
51121
51122
51125
51133
51140
51141
51151
51153
51157
51159
51167
51168
51182
51186
51189
51195
51199
51201
51204
51212
51214
51218
51219
51220
51221
51222
51230
51232
51242
51251
51259
51265
51266
51267
51274
51280
51282
51288
51294
51299
51302
51304
51311
51319
51320
51323
51331
51332
51336
51338
51347
51352
51355
51359
51361
51362
51363
51372
51384
51387
51392
51410
51412
51416
51419
51420
51423
51428
51431
51437
51439
51441
51442
51444
51452
51453
51463
51469
51472
51481
51482
51489
51491
51492
51502
51503
51504
51506
51507
51523
51524
51526
51527
51532
51534
51536
51540
51555
51559
51560
51565
51570
51572
51573
51576
51581
51582
51584
51586
51596
51603
51607
51609
51612
51616
51621
51626
51629
51631
51632
51633
51637
51648
51650
51651
51655
51657
51662
51671
51673
51675
51676
51681
51682
51683
51690
51693
51694
51695
51700
51701
51705
51709
51713
51715
51724
51730
51732
51734
51736
51740
51747
51748
51756
51760
51763
51769
51776
51777
51778
51780
51782
51783
51786
51791
51793
51804
51806
51813
51817
51821
51822
51824
51825
51830
51833
51834
51838
51843
51845
51847
51849
51851
51875
51888
51893
51896
51897
51898
51905
51919
51939
51953
51960
51964
51969
51970
51972
51983
51984
51985
51988
51989
51992
51995
51997
51999
52002
52004
52007
52009
52010
52011
52015
52016
52019
52021
52028
52030
52033
52034
52038
52045
52053
52054
52056
52057
52066
52077
52086
52093
52094
52096
52102
52111
52116
52117
52122
52128
52131
52135
52140
52147
52153
52160
52162
52169
52170
52173
52174
52181
52192
52199
52202
52205
52207
52209
52210
52212
52214
52217
52220
52224
52227
52231
52235
52238
52239
52246
52255
52257
52260
52283
52284
52286
52289
52301
52307
52308
52311
52329
52361
52362
52376
52379
52386
52394
52399
52409
52410
52418
52422
52434
52442
52449
52452
52453
52455
52457
52462
52463
52478
52479
52482
52486
52489
52496
52498
52501
52503
52511
52514
52517
52526
52528
52531
52539
52542
52546
52547
52551
52552
52555
52571
52572
52574
52577
52580
52584
52598
52603
52613
52618
52624
52633
52658
52662
52664
52667
52670
52671
52673
52699
52706
52711
52712
52713
52719
52723
52733
52739
52745
52753
52758
52779
52780
52782
52789
52792
52807
52808
52811
52813
52815
52818
52828
52848
52850
52853
52855
52860
52862
52864
52876
52885
52886
52888
52891
52893
52898
52906
52908
52918
52926
52929
52931
52936
52937
52942
52947
52948
52952
52961
52969
52973
52975
52983
52985
52986
52989
52991
52997
53000
53008
53011
53015
53018
53021
53028
53030
53045
53049
53055
53057
53066
53067
53069
53070
53076
53079
53080
53083
53086
53095
53113
53120
53124
53129
53131
53146
53148
53153
53156
53158
53160
53165
53169
53171
53173
53188
53189
53194
53201
53203
53207
53222
53224
53227
53228
53236
53243
53244
53246
53247
53262
53265
53268
53280
53300
53311
53315
53318
53330
53333
53334
53348
53363
53382
53388
53394
53395
53396
53397
53398
53402
53405
53413
53414
53418
53426
53427
53433
53435
53437
53438
53443
53444
53448
53452
53456
53457
53461
53463
53471
53475
53480
53490
53500
53507
53525
53526
53534
53539
53546
53549
53556
53567
53578
53580
53582
53591
53600
53602
53604
53611
53613
53614
53618
53620
53622
53623
53627
53629
53633
53635
53639
53641
53647
53652
53656
53660
53661
53672
53680
53682
53684
53687
53688
53693
53694
53712
53713
53715
53719
53730
53738
53741
53745
53748
53755
53758
53763
53779
53781
53788
53789
53791
53795
53804
53806
53827
53829
53832
53837
53840
53848
53849
53851
53855
53858
53862
53863
53865
53866
53867
53869
53872
53889
53898
53906
53907
53912
53922
53923
53925
53927
53932
53937
53941
53942
53945
53959
53967
53969
53972
53974
53979
53981
53984
53988
53990
53992
53998
54001
54010
54015
54017
54018
54024
54025
54027
54037
54039
54044
54053
54059
54065
54068
54077
54078
54082
54085
54087
54095
54100
54102
54107
54135
54139
54140
54146
54150
54154
54159
54160
54167
54179
54181
54186
54193
54195
54197
54202
54203
54206
54208
54214
54215
54220
54222
54226
54229
54231
54232
54234
54235
54241
54244
54245
54256
54259
54278
54280
54288
54303
54306
54311
54313
54323
54325
54326
54332
54335
54339
54340
54343
54348
54351
54352
54361
54362
54364
54366
54367
54368
54369
54370
54380
54383
54385
54388
54394
54400
54407
54408
54417
54418
54421
54427
54437
54442
54445
54452
54453
54460
54461
54462
54464
54469
54472
54477
54478
54489
54493
54506
54507
54511
54519
54532
54533
54547
54554
54555
54557
54566
54568
54569
54570
54574
54580
54582
54584
54587
54595
54596
54599
54604
54608
54609
54620
54625
54626
54630
54636
54639
54641
54642
54643
54645
54647
54649
54664
54667
54669
54674
54681
54683
54690
54697
54708
54709
54726
54735
54736
54744
54752
54755
54756
54760
54765
54770
54775
54777
54778
54786
54789
54796
54802
54807
54813
54815
54820
54825
54828
54835
54837
54838
54844
54847
54851
54859
54864
54867
54871
54872
54883
54887
54891
54892
54895
54897
54899
54904
54906
54913
54914
54916
54919
54920
54921
54922
54926
54931
54933
54934
54939
54941
54950
54951
54962
54963
54966
54968
54973
54980
54983
54985
54995
55005
55006
55010
55013
55018
55019
55022
55023
55028
55029
55037
55038
55039
55046
55047
55052
55054
55056
55061
55062
55063
55068
55069
55077
55081
55092
55093
55099
55102
55104
55109
55111
55112
55118
55119
55122
55126
55127
55129
55130
55135
55136
55137
55139
55147
55151
55152
55158
55162
55175
55177
55179
55180
55183
55191
55194
55196
55209
55212
55215
55217
55221
55230
55235
55244
55252
55253
55255
55257
55259
55260
55261
55263
55265
55271
55276
55283
55287
55290
55292
55293
55297
55302
55304
55309
55310
55311
55312
55318
55325
55331
55339
55343
55349
55352
55353
55360
55366
55369
55381
55385
55397
55409
55411
55417
55429
55430
55440
55442
55464
55468
55475
55478
55491
55495
55503
55506
55509
55510
55513
55529
55531
55533
55537
55542
55548
55550
55551
55561
55566
55578
55580
55590
55591
55592
55600
55602
55603
55607
55622
55623
55625
55626
55630
55632
55636
55641
55643
55646
55654
55655
55666
55675
55687
55696
55701
55702
55704
55706
55710
55712
55713
55725
55730
55733
55744
55749
55750
55754
55770
55775
55776
55785
55789
55798
55800
55803
55810
55819
55829
55834
55835
55836
55839
55842
55855
55862
55863
55864
55870
55874
55876
55877
55881
55884
55890
55891
55892
55894
55896
55899
55900
55911
55916
55917
55918
55919
55930
55931
55934
55950
55956
55961
55963
55965
55966
55967
55970
55971
55976
55984
55996
56007
56008
56011
56017
56018
56019
56023
56024
56030
56032
56038
56042
56054
56063
56065
56067
56068
56073
56077
56078
56080
56082
56086
56088
56093
56102
56103
56107
56108
56113
56122
56126
56131
56136
56150
56152
56153
56155
56162
56176
56179
56181
56182
56185
56189
56191
56194
56196
56202
56208
56213
56217
56221
56222
56228
56238
56249
56250
56251
56260
56264
56265
56267
56269
56274
56276
56278
56280
56291
56294
56297
56307
56309
56312
56313
56315
56322
56332
56345
56348
56350
56351
56353
56355
56375
56381
56385
56386
56389
56390
56395
56396
56398
56400
56404
56405
56423
56426
56428
56436
56439
56451
56453
56460
56462
56478
56479
56492
56496
56498
56506
56508
56516
56520
56521
56522
56523
56525
56528
56529
56535
56552
56553
56558
56559
56564
56569
56570
56571
56575
56577
56579
56581
56582
56589
56590
56595
56598
56599
56605
56610
56617
56618
56632
56637
56640
56646
56660
56663
56670
56671
56677
56679
56689
56692
56696
56697
56703
56707
56709
56715
56716
56717
56723
56727
56733
56736
56741
56749
56751
56757
56759
56768
56779
56780
56785
56787
56797
56806
56809
56811
56813
56814
56816
56822
56823
56826
56828
56838
56840
56844
56847
56851
56854
56856
56857
56861
56863
56866
56870
56873
56875
56878
56880
56890
56893
56899
56903
56916
56919
56920
56921
56922
56937
56938
56945
56953
56961
56967
56972
56974
56977
56981
56983
56994
57001
57014
57017
57018
57026
57035
57042
57045
57058
57061
57064
57066
57074
57081
57082
57084
57088
57089
57090
57091
57094
57096
57097
57103
57106
57108
57130
57133
57135
57142
57149
57152
57165
57169
57175
57179
57182
57196
57202
57217
57220
57221
57222
57224
57226
57229
57231
57238
57242
57243
57245
57246
57248
57250
57255
57259
57267
57271
57273
57278
57284
57285
57288
57290
57293
57298
57306
57309
57311
57314
57315
57316
57323
57327
57328
57332
57334
57336
57339
57344
57345
57351
57360
57362
57363
57367
57369
57370
57371
57372
57377
57379
57382
57387
57397
57404
57414
57417
57420
57423
57433
57435
57438
57441
57443
57444
57445
57446
57458
57467
57476
57477
57478
57493
57515
57519
57526
57527
57530
57531
57536
57540
57542
57548
57554
57561
57562
57575
57584
57606
57615
57621
57630
57634
57638
57641
57642
57643
57644
57653
57658
57661
57662
57666
57669
57671
57672
57679
57682
57683
57686
57689
57692
57694
57696
57698
57703
57714
57716
57717
57719
57720
57724
57726
57729
57735
57737
57739
57746
57758
57759
57765
57767
57768
57771
57772
57776
57779
57781
57783
57784
57786
57789
57791
57805
57807
57808
57809
57815
57816
57820
57823
57829
57830
57833
57838
57841
57842
57850
57859
57860
57874
57880
57882
57893
57901
57902
57907
57908
57912
57917
57920
57927
57930
57934
57935
57949
57951
57952
57967
57986
57988
57995
58007
58016
58021
58029
58030
58033
58041
58042
58044
58049
58052
58053
58055
58058
58060
58072
58077
58079
58085
58087
58088
58092
58094
58100
58104
58109
58110
58116
58118
58121
58122
58126
58136
58140
58143
58149
58150
58156
58157
58158
58160
58167
58172
58176
58180
58183
58186
58187
58189
58192
58198
58203
58205
58206
58208
58212
58214
58215
58222
58225
58228
58229
58230
58239
58243
58244
58245
58246
58251
58252
58255
58256
58262
58269
58272
58279
58281
58282
58289
58290
58292
58297
58298
58308
58311
58313
58315
58319
58323
58325
58326
58327
58332
58336
58337
58339
58340
58343
58351
58356
58364
58366
58369
58371
58376
58380
58382
58384
58385
58386
58390
58391
58392
58393
58398
58405
58408
58413
58414
58416
58430
58433
58437
58444
58453
58459
58466
58477
58478
58479
58480
58486
58491
58492
58497
58501
58502
58503
58504
58505
58512
58518
58520
58524
58525
58527
58528
58529
58530
58531
58537
58542
58543
58545
58549
58554
58556
58558
58559
58561
58562
58570
58577
58579
58581
58584
58585
58586
58587
58589
58590
58595
58596
58602
58603
58604
58606
58611
58615
58622
58623
58625
58628
58629
58630
58633
58652
58659
58663
58668
58669
58670
58672
58677
58679
58680
58684
58686
58701
58704
58711
58716
58721
58723
58725
58726
58730
58731
58736
58739
58746
58748
58749
58750
58753
58759
58766
58769
58770
58773
58777
58793
58798
58803
58804
58806
58808
58813
58818
58821
58824
58826
58829
58831
58834
58836
58840
58841
58847
58852
58854
58855
58856
58864
58870
58876
58878
58884
58886
58892
58895
58897
58898
58902
58906
58908
58911
58913
58922
58923
58925
58927
58929
58935
58942
58944
58949
58958
58964
58978
58987
58989
58994
58995
58997
59005
59024
59029
59036
59039
59040
59046
59048
59057
59063
59068
59070
59071
59074
59078
59083
59096
59102
59104
59110
59112
59115
59117
59131
59142
59158
59163
59168
59175
59189
59193
59196
59198
59199
59211
59212
59221
59231
59242
59244
59248
59263
59268
59272
59279
59283
59288
59291
59301
59314
59322
59324
59326
59332
59335
59338
59341
59343
59347
59362
59387
59396
59400
59407
59409
59412
59413
59415
59418
59426
59435
59447
59458
59461
59474
59478
59498
59500
59504
59515
59522
59524
59528
59533
59534
59543
59547
59548
59565
59566
59569
59577
59583
59590
59593
59598
59607
59612
59620
59621
59627
59639
59641
59656
59661
59670
59678
59686
59691
59696
59697
59701
59702
59707
59710
59727
59733
59737
59744
59745
59748
59751
59758
59761
59770
59777
59778
59784
59786
59793
59797
59806
59809
59813
59816
59832
59839
59843
59858
59865
59867
59873
59884
59889
59891
59894
59900
59905
59907
59909
59910
59918
59920
59922
59926
59931
59942
59945
59946
59955
59956
59965
59969
59970
59975
59980
59985
59993
59994
60004
60005
60012
60015
60030
60032
60035
60037
60043
60050
60051
60060
60070
60092
60095
60097
60099
60100
60101
60107
60109
60132
60133
60134
60140
60158
60166
60171
60190
60215
60226
60232
60239
60241
60243
60250
60251
60257
60262
60266
60267
60274
)


// ************************************************************************* //
