/*--------------------------------*- C++ -*----------------------------------*\
| =========                 |                                                 |
| \\      /  F ield         | OpenFOAM: The Open Source CFD Toolbox           |
|  \\    /   O peration     | Version:  v2012                                 |
|   \\  /    A nd           | Website:  www.openfoam.com                      |
|    \\/     M anipulation  |                                                 |
\*---------------------------------------------------------------------------*/
FoamFile
{
    version     2.0;
    format      ascii;
    class       labelList;
    location    "constant/polyMesh";
    object      pointProcAddressing;
}
// * * * * * * * * * * * * * * * * * * * * * * * * * * * * * * * * * * * * * //


15284
(
1
5
9
13
53
54
55
56
57
58
59
60
61
62
63
64
65
66
67
68
69
70
71
72
73
74
75
76
77
78
79
80
81
82
83
84
85
86
87
88
89
90
91
92
93
94
95
96
97
98
99
100
101
102
103
104
105
106
107
108
109
110
111
112
113
114
115
116
117
118
119
120
121
122
123
124
125
126
127
128
129
130
131
132
133
134
135
136
137
138
139
140
141
142
143
144
145
146
147
148
149
150
151
152
153
154
155
156
157
158
159
160
161
162
163
164
165
166
167
168
169
170
171
172
173
174
175
176
177
178
179
180
181
182
565
566
567
568
569
570
571
572
573
574
575
576
577
578
579
580
581
582
583
584
585
586
587
588
589
590
591
592
593
594
595
596
597
598
599
600
601
602
603
604
605
606
607
608
609
610
611
612
613
614
615
616
617
618
619
620
621
622
623
624
625
626
627
887
888
889
890
891
892
893
894
895
896
897
898
899
900
901
902
903
904
905
906
907
908
909
910
911
912
913
914
915
916
917
918
919
920
921
922
923
924
925
926
927
928
929
930
931
932
933
934
935
936
937
938
939
940
941
942
943
944
945
946
947
948
949
950
951
952
953
954
955
956
957
958
959
960
961
962
963
964
965
966
967
968
969
970
971
972
973
974
975
976
977
978
979
980
981
982
983
984
985
986
987
988
989
990
991
992
993
994
995
996
997
998
999
1000
1001
1002
1003
1004
1005
1006
1007
1008
1009
1010
1011
1012
1013
1014
1015
1016
1399
1400
1401
1402
1403
1404
1405
1406
1407
1408
1409
1410
1411
1412
1413
1414
1415
1416
1417
1418
1419
1420
1421
1422
1423
1424
1425
1426
1427
1428
1429
1430
1431
1432
1433
1434
1435
1436
1437
1438
1439
1440
1441
1442
1443
1444
1445
1446
1447
1448
1449
1450
1451
1452
1453
1454
1455
1456
1457
1458
1459
1460
1461
1684
1687
1688
1689
1690
1700
1701
1703
1732
1734
1735
1736
1739
1742
1745
1749
1750
1753
1755
1761
1769
1774
1779
1781
1787
1789
1790
1793
1794
1796
1798
1800
1802
1803
1837
1844
1846
1857
1858
1859
1861
1862
1864
1868
1869
1871
1874
1875
1879
1886
1888
1902
1903
1905
1918
1919
1920
1921
1922
1923
1929
1933
1934
1935
1936
1937
1938
1941
2342
2343
2344
2345
2346
2347
2348
2349
2350
2351
2352
2353
2354
2355
2356
2357
2358
2359
2360
2361
2362
2363
2364
2365
2366
2367
2368
2369
2370
2371
2372
2373
2374
2375
2376
2377
2383
2384
2385
2387
2388
2389
2390
2392
2393
2394
2395
2397
2398
2401
2402
2403
2404
2405
2406
2407
2408
2409
2410
2411
2412
2413
2414
2415
2416
2417
2418
2419
2420
2421
2422
2423
2424
2425
2426
2427
2428
2429
2430
2431
2432
2433
2434
2435
2436
2437
2438
2439
2440
2441
2442
2443
2444
2445
2446
2447
2448
2449
2450
2451
2452
2453
2454
2455
2510
2520
2521
2522
2525
2526
2527
2528
2532
2533
2534
2536
2546
2547
2548
2549
2550
2551
2557
2558
2562
2563
2567
2568
2569
2570
2576
2577
2578
2589
2590
2591
2592
2595
2596
2597
2598
2599
2602
2603
2607
2608
2609
2610
2613
2614
2618
2619
2620
2624
2628
2629
2630
2631
2632
2633
2636
2637
2638
2640
2641
2642
2643
2644
2645
2646
2647
2648
2649
2650
2651
2652
2655
2657
2658
2659
2660
2661
2662
2663
2664
2665
2666
2667
2668
2672
2673
2674
2675
2679
2680
2681
2682
2683
2684
2685
2688
2689
2690
2691
2692
2693
2694
2698
2699
2700
2705
2706
2707
2708
2711
2746
2747
2748
2751
2752
2753
2754
2755
2756
2757
2758
2759
2760
2761
2762
2763
2764
2767
2768
2769
2770
2771
2772
2774
2775
2776
2777
2780
2781
2785
2786
2787
2788
2789
2790
2791
2792
2793
2794
2795
2796
2797
2798
2799
2800
2802
2803
2806
2807
2808
2809
2810
2811
2813
2814
2815
2816
2817
2818
2822
3092
3095
3096
3103
3104
3105
3106
3107
3108
3109
3110
3111
3112
3113
3114
3115
3116
3117
3118
3119
3120
3121
3122
3123
3124
3125
3126
3127
3128
3129
3130
3131
3132
3133
3134
3135
3136
3137
3138
3139
3140
3141
3142
3143
3144
3145
3148
3149
3150
3151
3152
3153
3154
3155
3156
3157
3158
3159
3160
3161
3162
3163
3164
3165
3166
3167
3168
3169
3170
3171
3172
3173
3174
3175
3176
3177
3178
3179
3180
3181
3182
3183
3184
3185
3186
3187
3188
3189
3190
3191
3192
3193
3194
3195
3196
3197
3198
3199
3200
3201
3202
3203
3204
3205
3206
3231
3345
3346
3355
3356
3362
3363
3365
3366
3367
3368
3369
3370
3371
3372
3373
3374
3375
3376
3377
3378
3379
3380
3381
3382
3383
3384
3385
3390
3395
3398
3399
3400
3401
3402
3403
3404
3405
3406
3407
3408
3409
3410
3411
3412
3413
3420
3421
3422
3423
3424
3425
3426
3427
3428
3429
3430
3431
3432
3433
3434
3435
3436
3437
3438
3439
3440
3441
3442
3443
3444
3445
3446
3447
3448
3449
3450
3451
3452
3453
3454
3455
3456
3457
3458
3459
3460
3461
3462
3463
3464
3465
3470
3471
3473
3474
3475
3478
3479
3488
3489
3492
3493
3504
3509
3510
3518
3519
3520
3521
3524
3525
3526
3529
3530
3537
3538
3542
3543
3544
3545
3546
3547
3548
3549
3550
3551
3552
3553
3554
3555
3574
3575
3578
3579
3585
3586
3587
3593
3594
3597
3598
3601
3602
3603
3604
3615
3616
3627
3630
3631
3640
3641
3642
3643
3644
3645
3646
3650
3710
3713
3714
3715
3716
3722
3723
3726
3727
3728
3729
3730
3734
3738
3742
3743
3744
3745
3746
3747
3748
3751
3752
3753
3754
3755
3756
3757
3758
3759
3760
3761
3762
3763
3764
3765
3769
3770
3771
3772
3773
3774
3775
3776
3777
3778
3779
3780
3781
3782
3784
3785
3786
3790
3808
3828
3829
3830
3831
3833
3834
3835
3836
3837
3838
3839
3853
3855
3856
3858
3864
3865
3866
3867
3868
3869
3870
3871
3872
3873
3875
3876
3877
4032
4038
4039
4042
4043
4050
4055
4058
4065
4167
4168
4169
4170
4171
4172
4173
4174
4175
4179
4180
4182
4186
4187
4193
4194
4195
4196
4197
4198
4199
4200
4201
4202
4203
4204
4209
4213
4214
4217
4218
4219
4220
4221
4222
4223
4224
4225
4226
4227
4228
4229
4230
4231
4232
4233
4234
4235
4236
4237
4238
4240
4243
4244
4245
4246
4247
4248
4249
4250
4251
4252
4253
4254
4255
4256
4257
4258
4261
4262
4263
4264
4265
4266
4267
4268
4269
4294
4295
4299
4300
4301
4302
4309
4310
4311
4312
4313
4314
4315
4316
4317
4318
4319
4320
4321
4322
4323
4324
4325
4326
4327
4328
4329
4330
4331
4332
4333
4334
4335
4336
4337
4338
4339
4340
4341
4344
4345
4353
4354
4360
4361
4362
4363
4364
4370
4371
4372
4373
4374
4375
4376
4377
4378
4379
4380
4382
4383
4384
4385
4386
4387
4388
4390
4696
4697
4699
4703
4704
4705
4706
4707
4708
4710
4716
4718
4719
4720
4734
4735
4736
4737
4738
4739
4740
4741
4742
4744
4745
4752
4753
4758
4761
4762
4763
4764
4765
4766
4767
4768
4769
4770
4771
4772
4773
4774
4775
4776
4777
4778
4779
4780
4781
4782
4783
4784
4785
4786
4787
4788
4789
4790
4791
4792
4793
4794
4795
4796
4797
4798
4799
4800
4801
4802
4803
4804
4805
4806
4807
4808
4809
4810
4811
4812
4813
4814
4815
4816
4817
4818
4819
4820
4821
4822
4823
4824
4825
4826
4827
4828
4829
4830
4831
4832
4833
4834
4835
4836
4837
4838
4839
4840
4841
4842
4843
4844
4845
4848
4850
4851
4852
4853
4854
4858
4860
4861
4863
4865
4866
4867
4870
4871
4876
4877
4878
4879
4880
4881
4882
4883
4884
4885
4886
4890
4891
4892
4894
4895
4896
4897
4898
4899
4900
4904
4905
4906
4907
4908
4909
4910
5291
5298
5299
5300
5301
5302
5303
5305
5306
5307
5308
5315
5316
5319
5325
5326
5363
5364
5365
5366
5394
5395
5396
5397
5438
5439
5456
5485
5486
5487
5488
5489
5490
5491
5492
5493
5494
5505
5506
5516
5517
5573
5579
5580
5587
5592
5596
5597
5599
5600
5601
5605
5606
5613
5614
5617
5620
5626
5627
5628
5629
5634
5635
5639
5640
5644
5676
5677
5680
5681
5682
5683
5684
5685
5686
5687
5693
5694
5695
5704
5705
5706
5709
5710
5727
5746
5747
5758
5759
5760
5761
5762
5763
5764
5765
5772
5773
5774
5980
5981
5982
5983
5984
5985
5986
5987
5988
5989
5990
5991
5992
5993
5994
5995
5996
5997
5998
5999
6000
6001
6002
6003
6004
6005
6006
6007
6008
6009
6010
6011
6012
6013
6014
6015
6016
6017
6018
6019
6020
6021
6022
6023
6024
6025
6026
6027
6028
6029
6030
6031
6033
6034
6037
6038
6041
6042
6044
6045
6046
6047
6048
6049
6050
6052
6055
6062
6074
6075
6076
6077
6078
6079
6080
6081
6082
6083
6084
6085
6086
6087
6089
6090
6091
6092
6093
6094
6095
6096
6097
6098
6099
6100
6101
6102
6103
6104
6105
6106
6107
6108
6109
6110
6111
6112
6113
6114
6115
6116
6117
6118
6119
6120
6121
6122
6123
6124
6125
6134
6155
6157
6159
6165
6166
6169
6194
6285
6302
6303
6306
6309
6310
6360
6374
6375
6376
6377
6378
6379
6380
6381
6403
6406
6407
6408
6409
6410
6411
6412
6413
6414
6415
6444
6471
6479
6481
6482
6483
6484
6485
6486
6507
6508
6509
6510
6511
6524
6525
6527
6529
6530
6531
6532
6533
6534
6544
6545
6551
6555
6556
6557
6570
6571
6572
6682
6684
6686
6687
6688
6697
6700
6701
6702
6703
6707
6709
6710
6711
6712
6714
6715
6826
6827
6847
6848
6853
6873
6874
6875
6876
6877
6878
6879
6880
6881
6882
6883
6898
6899
6900
6908
6909
6910
6915
6916
6918
6919
6921
6973
7002
7003
7004
7005
7006
7007
7010
7029
7030
7043
7044
7049
7055
7056
7057
7072
7073
7074
7075
7113
7129
7130
7136
7137
7138
7140
7147
7148
7149
7150
7151
7152
7171
7172
7173
7174
7175
7176
7189
7195
7196
7197
7198
7199
7200
7201
7202
7206
7253
7254
7255
7260
7262
7266
7268
7269
7270
7271
7272
7279
7280
7281
7282
7283
7352
7353
7354
7355
7356
7357
7358
7359
7360
7361
7362
7363
7364
7365
7366
7367
7368
7369
7370
7371
7372
7373
7374
7375
7376
7377
7378
7379
7380
7381
7382
7383
7384
7385
7386
7387
7388
7389
7390
7391
7392
7393
7394
7395
7396
7400
7403
7405
7406
7419
7420
7479
7484
7485
7497
7498
7499
7500
7501
7502
7503
7504
7505
7506
7507
7508
7509
7510
7511
7512
7513
7514
7515
7516
7517
7518
7519
7520
7529
7530
7531
7532
7533
7543
7544
7547
7548
7587
7588
7589
7595
7597
7598
7600
7602
7605
7607
7670
7671
7677
7706
7707
7709
7710
7719
7720
7724
7725
7735
7737
7738
7739
7740
7741
7748
7749
7761
7762
7763
7764
7821
7822
7823
7824
7825
7826
7827
7828
7829
7830
7831
7832
7833
7834
7835
7836
7837
7838
7839
7840
7841
7842
7843
7844
7845
7846
7847
7848
7910
7913
7923
7945
7946
7948
7958
7965
7972
7973
7974
7975
7978
7979
7983
7989
7990
7991
7998
7999
8000
8047
8048
8049
8086
8091
8094
8096
8097
8098
8100
8101
8106
8107
8108
8109
8110
8111
8112
8113
8114
8115
8116
8117
8118
8119
8120
8125
8126
8127
8128
8129
8147
8148
8154
8160
8165
8166
8168
8175
8190
8244
8263
8267
8270
8271
8273
8277
8278
8289
8297
8336
8375
8376
8390
8412
8417
8427
8428
8453
8507
8521
8522
8535
8546
8553
8554
8562
8565
8572
8574
8588
8595
8597
8598
8600
8611
8623
8624
8641
8642
8644
8657
8662
8666
8671
8672
8673
8678
8679
8680
8681
8682
8683
8684
8690
8697
8698
8761
8762
8763
8765
8766
8767
8768
8769
8770
8771
8772
8773
8774
8785
8786
8787
8795
8796
8797
8798
8799
8800
8801
8802
8803
8804
8805
8806
8807
8808
8809
8810
8811
8812
8813
8814
8815
8816
8827
8828
8829
8830
8831
8832
8833
8834
8837
8838
8839
8844
8845
8846
8851
8852
8853
8854
8855
8856
8857
8858
8859
8860
8861
8862
8864
8865
8866
8867
8868
8869
8870
8871
8872
8873
8874
8875
8876
8877
8878
8879
8882
8883
8893
8897
8898
8899
8900
8901
8902
8925
8930
8931
8937
8938
8939
8940
8945
8946
8952
8953
8958
8960
8962
8964
8968
8969
8970
8971
8972
8973
8974
8975
8976
8977
8978
8979
8980
8981
8982
8983
8984
8985
8986
8987
8988
8989
8990
8991
8992
8993
8994
8995
8996
8997
9004
9005
9006
9007
9008
9009
9010
9011
9012
9013
9014
9015
9016
9017
9018
9019
9020
9021
9022
9023
9024
9025
9026
9027
9028
9029
9042
9043
9044
9050
9051
9056
9057
9058
9059
9066
9067
9071
9072
9076
9087
9089
9090
9091
9092
9093
9094
9095
9096
9097
9098
9099
9100
9101
9102
9103
9104
9105
9106
9107
9108
9109
9110
9111
9112
9113
9114
9115
9116
9117
9118
9119
9120
9121
9122
9123
9124
9125
9126
9127
9128
9129
9130
9131
9132
9133
9134
9135
9136
9137
9138
9139
9140
9141
9142
9146
9147
9148
9149
9160
9168
9169
9170
9171
9172
9179
9185
9186
9212
9214
9251
9252
9253
9254
9255
9258
9261
9279
9280
9288
9290
9292
9295
9301
9317
9323
9329
9334
9335
9336
9337
9339
9347
9348
9363
9366
9368
9376
9379
9382
9386
9387
9389
9390
9391
9392
9393
9394
9395
9396
9397
9398
9399
9400
9403
9414
9415
9416
9420
9424
9425
9433
9437
9479
9483
9487
9501
9502
9503
9504
9505
9506
9507
9512
9513
9527
9531
9536
9537
9538
9539
9540
9541
9542
9546
9558
9559
9560
9576
9577
9578
9579
9580
9581
9582
9587
9588
9590
9616
9617
9618
9619
9620
9621
9622
9623
9625
9626
9627
9628
9629
9630
9634
9641
9645
9651
9652
9654
9667
9681
9688
9689
9692
9693
9694
9695
9696
9697
9698
9699
9700
9703
9704
9708
9717
9723
9724
9725
9726
9727
9728
9729
9730
9735
9739
9740
9752
9759
9760
9762
9763
9764
9776
9777
9778
9779
9780
9781
9782
9783
9787
9790
9791
9813
9816
10080
10081
10082
10083
10084
10085
10086
10087
10088
10089
10090
10091
10092
10093
10094
10095
10096
10097
10098
10099
10100
10101
10102
10103
10104
10105
10106
10107
10108
10109
10110
10111
10112
10113
10114
10115
10116
10117
10118
10119
10120
10121
10122
10123
10124
10125
10126
10127
10128
10129
10130
10131
10132
10133
10134
10135
10136
10137
10138
10139
10140
10142
10143
10144
10145
10146
10147
10151
10152
10153
10172
10173
10175
10179
10185
10188
10189
10193
10196
10197
10198
10206
10213
10215
10216
10218
10220
10221
10222
10223
10224
10225
10226
10236
10237
10238
10240
10243
10244
10245
10246
10247
10248
10252
10253
10254
10255
10256
10257
10258
10261
10262
10263
10264
10265
10284
10285
10286
10287
10296
10301
10303
10304
10305
10307
10308
10315
10316
10317
10318
10329
10330
10331
10333
10334
10335
10336
10362
10371
10372
10375
10397
10399
10400
10405
10408
10424
10425
10426
10427
10436
10438
10439
10440
10464
10467
10470
10476
10477
10478
10479
10483
10484
10496
10497
10498
10502
10507
10509
10510
10511
10512
10525
10536
10537
10538
10539
10542
10543
10545
10555
10568
10569
10570
10571
10572
10584
10585
10615
10617
10618
10619
10620
10621
10622
10623
10624
10637
10639
10640
10641
10642
10643
10645
10646
10648
10649
10650
10653
10654
10658
10666
10667
10668
10671
10672
10687
10698
10699
10700
10701
10702
10703
10708
10709
10713
10714
10715
10738
10739
10740
10744
10745
10753
10755
10756
10757
10758
10763
10767
10768
10769
10770
10771
10772
10773
10774
10775
10801
10802
10804
10805
10956
10987
10988
11002
11003
11004
11005
11006
11007
11008
11009
11010
11011
11012
11013
11014
11015
11016
11017
11018
11019
11020
11021
11022
11023
11024
11025
11026
11027
11028
11029
11030
11031
11032
11033
11057
11058
11065
11066
11067
11076
11080
11083
11084
11085
11086
11095
11104
11105
11106
11113
11116
11118
11120
11121
11122
11129
11131
11133
11142
11146
11151
11153
11154
11155
11156
11157
11165
11168
11169
11170
11171
11172
11173
11174
11175
11176
11177
11182
11186
11187
11201
11209
11215
11228
11229
11230
11231
11232
11233
11239
11241
11246
11261
11262
11263
11264
11265
11266
11272
11273
11298
11338
11348
11349
11364
11369
11371
11387
11388
11389
11390
11391
11392
11393
11394
11395
11396
11397
11398
11399
11400
11401
11402
11403
11404
11405
11406
11407
11412
11413
11414
11415
11416
11417
11418
11419
11420
11421
11422
11423
11424
11425
11426
11427
11428
11429
11430
11431
11432
11433
11434
11435
11436
11437
11438
11439
11440
11441
11442
11443
11444
11445
11446
11447
11448
11449
11450
11451
11452
11453
11454
11455
11456
11457
11458
11459
11460
11461
11462
11463
11627
11629
11631
11632
11633
11634
11635
11638
11639
11644
11652
11653
11661
11662
11663
11664
11666
11687
11719
11720
11721
11722
11723
11724
11729
11730
11731
11736
11743
11749
11750
11751
11752
11753
11757
11758
11770
11771
11773
11776
11795
11796
11797
11798
11801
11802
11803
11813
11814
11815
11816
11819
11820
11821
11822
11823
11824
11825
11826
11827
11828
11829
11830
11831
11832
11833
11834
11835
11836
11837
11838
11839
11840
11844
11845
11852
11853
11854
11856
11857
11859
11860
11861
11863
11866
11868
11869
11873
11875
11878
11879
11882
11885
11886
11894
11895
11896
11897
11899
11901
11904
11905
11906
11907
11909
11910
11911
11913
11914
11915
11925
11937
11938
11942
11946
11947
11950
11951
11952
11953
11954
11955
11956
11957
11958
11959
11960
11961
11966
11967
11968
11969
11970
11973
11974
11976
11981
11982
11983
11984
11985
11999
12000
12015
12017
12022
12029
12032
12039
12040
12041
12044
12045
12046
12048
12049
12086
12087
12093
12094
12096
12097
12098
12105
12106
12112
12113
12114
12120
12127
12128
12134
12135
12136
12137
12138
12139
12140
12141
12142
12143
12144
12145
12146
12147
12160
12165
12166
12167
12168
12174
12175
12176
12177
12180
12183
12206
12210
12263
12287
12292
12299
12305
12306
12307
12308
12309
12318
12331
12334
12365
12366
12367
12372
12373
12374
12375
12376
12377
12378
12379
12380
12381
12382
12383
12384
12385
12386
12387
12388
12389
12390
12391
12392
12393
12394
12395
12396
12397
12398
12399
12400
12401
12403
12404
12405
12406
12418
12429
12434
12436
12437
12448
12463
12469
12471
12478
12479
12481
12487
12491
12492
12493
12498
12499
12502
12506
12516
12517
12521
12523
12533
12534
12535
12536
12537
12561
12562
12563
12564
12575
12579
12580
12581
12593
12601
12602
12603
12606
12607
12610
12616
12621
12622
12638
12639
12643
12644
12654
12655
12667
12668
12669
12676
12677
12723
12740
12741
12746
12747
12766
12767
12772
12773
12774
12775
12784
12789
12792
12794
12797
12798
12799
12802
12805
12807
12816
12831
12847
12850
12851
12852
12855
12858
12859
12860
12866
12873
12874
12887
12893
12894
12895
12896
12918
12919
12920
12921
12922
12923
12924
12925
12926
12927
12928
12929
12930
12931
12932
12933
12934
12935
12936
12937
12938
12939
12940
12941
12942
12943
12944
12945
12946
12947
12948
12949
12955
12968
12969
12970
12971
12972
12975
12989
12990
13004
13007
13008
13010
13011
13014
13022
13024
13025
13027
13055
13056
13059
13061
13093
13094
13096
13097
13114
13115
13117
13120
13123
13124
13125
13137
13138
13139
13148
13149
13150
13151
13152
13153
13154
13155
13156
13157
13158
13159
13160
13161
13162
13163
13164
13165
13166
13168
13169
13170
13171
13172
13174
13176
13177
13182
13185
13186
13192
13199
13200
13201
13204
13212
13218
13219
13220
13221
13222
13223
13237
13242
13243
13244
13251
13252
13256
13257
13262
13263
13266
13270
13272
13273
13274
13278
13279
13281
13285
13286
13301
13302
13303
13304
13306
13307
13308
13311
13312
13317
13321
13324
13342
13343
13353
13355
13356
13357
13358
13359
13360
13366
13367
13371
13372
13373
13380
13381
13383
13384
13387
13388
13389
13390
13391
13392
13398
13402
13408
13409
13411
13412
13420
13421
13426
13427
13428
13429
13430
13434
13436
13440
13443
13444
13447
13453
13456
13458
13459
13460
13472
13473
13479
13480
13482
13485
13486
13493
13503
13504
13513
13524
13528
13532
13552
13553
13554
13558
13560
13562
13563
13573
13574
13575
13576
13577
13579
13580
13583
13584
13586
13587
13588
13600
13601
13602
13603
13607
13608
13610
13615
13617
13620
13627
13628
13647
13648
13666
13667
13668
13670
13671
13672
13673
13674
13675
13683
13691
13692
13693
13694
13697
13698
13699
13701
13705
13711
13715
13736
13737
13738
13746
13747
13748
13749
13761
13762
13764
13773
13774
13777
13778
13779
13783
13784
13791
13792
13794
13795
13796
13801
13806
13807
13808
13811
13812
13813
13814
13823
13829
13830
13839
13840
13844
13845
13846
13847
13851
13863
13864
13870
13877
13878
13879
13880
13881
13895
13896
13901
13913
13921
13924
13942
13944
13945
13946
13947
14169
14187
14192
14195
14196
14207
14208
14212
14219
14226
14244
14245
14254
14287
14288
14289
14291
14301
14309
14322
14323
14325
14326
14357
14358
14359
14383
14389
14390
14437
14438
14450
14451
14464
14472
14473
14482
14483
14486
14487
14488
14504
14547
14559
14560
14561
14562
14572
14582
14587
14588
14650
14651
14658
14659
14660
14661
14662
14663
14664
14665
14666
14667
14684
14696
14710
14752
14753
14754
14794
14801
14802
14803
14804
14805
14806
14807
14808
14809
14810
14812
14816
14817
14820
14824
14825
14826
14827
14836
14837
14838
14845
14848
14856
14858
14865
14867
14870
14873
14874
14875
14876
14881
14888
14896
14897
14898
14899
14900
14901
14902
14903
14904
14908
14911
14918
14926
14927
14928
14931
14932
14935
14940
14943
14946
14951
14962
14965
14974
14975
14982
14987
14988
14991
14992
14993
14999
15000
15001
15004
15005
15006
15007
15008
15009
15010
15012
15013
15014
15021
15024
15027
15028
15030
15031
15032
15033
15034
15035
15036
15042
15043
15044
15045
15046
15052
15054
15055
15056
15057
15061
15062
15063
15065
15066
15067
15068
15069
15070
15079
15080
15082
15083
15084
15085
15086
15087
15088
15089
15090
15091
15092
15093
15094
15095
15096
15097
15098
15099
15100
15101
15102
15104
15105
15108
15109
15110
15117
15119
15135
15136
15144
15146
15153
15155
15157
15159
15160
15162
15167
15174
15175
15176
15179
15225
15226
15227
15228
15229
15236
15239
15240
15245
15260
15261
15263
15265
15266
15267
15268
15269
15270
15271
15272
15273
15277
15278
15279
15280
15298
15299
15300
15301
15302
15303
15304
15305
15306
15307
15308
15309
15310
15311
15312
15313
15314
15315
15316
15317
15324
15327
15331
15335
15336
15337
15338
15339
15345
15352
15361
15362
15368
15369
15373
15376
15378
15390
15391
15395
15401
15402
15407
15412
15415
15418
15426
15433
15434
15435
15436
15437
15438
15440
15441
15444
15445
15446
15447
15448
15451
15461
15462
15473
15478
15481
15482
15499
15535
15556
15557
15558
15559
15571
15572
15573
15574
15577
15585
15586
15595
15612
15613
15614
15615
15616
15617
15618
15624
15632
15635
15638
15643
15644
15645
15646
15647
15648
15649
15654
15678
15679
15687
15688
15697
15698
15703
15704
15705
15706
15709
15715
15716
15717
15719
15720
15722
15726
15728
15740
15741
15742
15747
15748
15757
15758
15764
15776
15782
15783
15796
15803
15810
15811
15812
15813
15825
15828
15829
15830
15831
15855
15862
15868
15879
15922
15952
15953
15954
15955
15956
15960
15977
15978
15979
15980
15981
15982
15983
15984
15985
15986
15993
15994
15996
16001
16048
16062
16065
16077
16085
16086
16087
16091
16096
16097
16098
16099
16106
16107
16108
16113
16117
16131
16136
16161
16164
16170
16171
16172
16180
16181
16185
16186
16188
16190
16191
16192
16193
16195
16196
16197
16207
16208
16210
16211
16226
16229
16252
16274
16275
16277
16283
16289
16290
16291
16292
16293
16304
16305
16310
16312
16313
16314
16315
16316
16317
16318
16319
16320
16321
16322
16323
16324
16325
16326
16327
16328
16329
16330
16331
16332
16333
16334
16335
16336
16337
16338
16339
16340
16341
16342
16343
16344
16349
16356
16357
16358
16359
16360
16361
16362
16363
16364
16375
16377
16387
16388
16389
16390
16391
16392
16393
16399
16404
16405
16406
16407
16408
16419
16420
16421
16437
16438
16440
16441
16442
16444
16445
16446
16447
16448
16452
16454
16455
16456
16457
16458
16460
16461
16463
16467
16468
16470
16479
16488
16489
16495
16505
16506
16507
16508
16509
16510
16511
16513
16515
16516
16526
16537
16544
16551
16567
16568
16569
16571
16572
16573
16575
16579
16584
16595
16596
16623
16624
16625
16626
16627
16628
16629
16636
16637
16642
16643
16647
16650
16651
16656
16657
16669
16671
16673
16674
16684
16701
16702
16703
16709
16712
16713
16716
16718
16733
16745
16746
16752
16753
16754
16784
16785
16786
16787
16788
16789
16796
16797
16800
16804
16805
16810
16811
16812
16816
16817
16818
16823
16824
16829
16835
16836
16839
16844
16847
16848
16849
16852
16858
16859
16860
16861
16867
16868
16869
16870
16871
16872
16873
16874
16875
16876
16877
16880
16882
16885
16889
16890
16892
16897
16898
16901
16905
16909
16910
16911
16912
16913
16916
16917
16918
16919
16921
16924
16941
16945
16946
16949
16950
16952
16954
16955
16956
16957
16959
16962
16977
16978
16979
16981
16996
16998
16999
17004
17005
17009
17010
17011
17013
17014
17026
17030
17033
17040
17045
17049
17061
17062
17064
17065
17066
17067
17068
17069
17074
17077
17078
17089
17091
17094
17095
17098
17099
17100
17101
17102
17103
17108
17113
17114
17120
17121
17122
17123
17124
17126
17129
17130
17137
17138
17152
17153
17154
17156
17164
17165
17169
17171
17178
17181
17186
17194
17196
17197
17198
17204
17206
17216
17224
17250
17251
17252
17253
17254
17255
17256
17257
17258
17259
17260
17261
17262
17263
17264
17265
17266
17267
17268
17270
17271
17272
17273
17275
17283
17287
17293
17298
17299
17304
17305
17306
17307
17308
17309
17320
17322
17326
17327
17328
17329
17330
17331
17332
17333
17334
17335
17336
17337
17338
17343
17352
17356
17357
17358
17362
17363
17364
17369
17370
17371
17378
17379
17386
17387
17395
17396
17397
17401
17402
17403
17412
17418
17419
17422
17434
17435
17436
17446
17447
17448
17449
17450
17451
17452
17453
17454
17455
17456
17457
17458
17459
17465
17466
17473
17481
17482
17483
17484
17492
17493
17499
17501
17502
17503
17504
17505
17506
17507
17508
17512
17525
17538
17549
17555
17556
17564
17565
17568
17569
17571
17584
17587
17588
17594
17596
17602
17603
17604
17607
17608
17609
17610
17611
17613
17614
17615
17616
17621
17622
17628
17636
17637
17639
17644
17649
17659
17660
17676
17682
17685
17686
17687
17688
17689
17690
17691
17692
17704
17705
17706
17707
17708
17709
17710
17711
17712
17713
17714
17716
17717
17718
17726
17732
17734
17735
17742
17744
17748
17749
17758
17763
17765
17766
17767
17768
17769
17776
17777
17778
17785
17786
17796
17797
17798
17799
17800
17801
17802
17806
17820
17826
17827
17828
17842
17846
17852
17853
17854
17865
17866
17872
17877
17882
17884
17885
17886
17889
17891
17892
17895
17896
17897
17898
17899
17900
17901
17902
17903
17904
17905
17906
17907
17908
17909
17918
17928
17932
17933
17938
17954
17955
17956
17961
17966
17967
17986
17987
17988
17989
17993
18005
18007
18017
18025
18026
18027
18028
18040
18041
18042
18043
18044
18052
18063
18064
18065
18066
18067
18069
18072
18073
18081
18083
18084
18089
18091
18099
18102
18105
18106
18107
18108
18109
18112
18115
18123
18141
18144
18145
18146
18147
18148
18149
18157
18166
18167
18168
18169
18170
18172
18177
18182
18183
18188
18196
18219
18220
18221
18227
18228
18229
18230
18231
18233
18235
18241
18248
18249
18257
18274
18282
18283
18284
18285
18286
18287
18288
18289
18290
18291
18296
18297
18298
18299
18300
18301
18302
18303
18317
18319
18331
18342
18343
18346
18354
18355
18359
18360
18362
18364
18366
18367
18383
18395
18398
18403
18404
18409
18411
18419
18420
18421
18422
18433
18435
18436
18443
18446
18451
18452
18453
18454
18455
18456
18458
18459
18460
18464
18467
18468
18495
18499
18508
18511
18512
18513
18514
18526
18531
18551
18555
18560
18561
18562
18565
18566
18572
18573
18574
18579
18580
18596
18597
18598
18599
18600
18616
18623
18632
18634
18635
18636
18637
18638
18639
18640
18641
18642
18649
18650
18651
18658
18667
18680
18684
18697
18699
18708
18709
18710
18711
18712
18718
18719
18721
18722
18726
18728
18732
18733
18734
18735
18736
18737
18747
18749
18750
18763
18795
18809
18810
18811
18812
18813
18822
18825
18826
18837
18843
18844
18850
18866
18873
18875
18876
18879
18883
18884
18885
18886
18887
18901
18910
18918
18924
18933
18936
18939
18940
18941
18944
18948
18960
18961
18963
18964
18965
18966
18968
18974
18978
18979
18985
18986
18991
18997
19003
19004
19005
19006
19012
19016
19022
19024
19027
19028
19029
19037
19038
19039
19040
19047
19048
19063
19064
19065
19067
19068
19069
19070
19071
19072
19073
19077
19079
19095
19096
19101
19113
19114
19116
19132
19143
19162
19173
19185
19186
19187
19188
19189
19209
19210
19213
19214
19215
19216
19218
19222
19224
19244
19247
19248
19259
19267
19268
19279
19327
19330
19331
19332
19333
19334
19335
19337
19340
19345
19369
19370
19371
19372
19373
19374
19379
19380
19381
19386
19387
19388
19389
19391
19395
19396
19397
19398
19399
19400
19401
19407
19408
19413
19433
19434
19439
19441
19442
19443
19444
19445
19446
19447
19448
19449
19450
19454
19459
19460
19467
19473
19474
19475
19476
19477
19478
19479
19480
19481
19482
19483
19484
19493
19494
19495
19498
19499
19501
19502
19503
19504
19510
19516
19517
19518
19519
19541
19542
19543
19544
19545
19546
19547
19548
19558
19561
19564
19570
19571
19572
19576
19580
19581
19582
19583
19587
19602
19604
19605
19606
19607
19608
19617
19621
19626
19630
19632
19634
19635
19636
19637
19638
19639
19640
19641
19661
19664
19670
19677
19678
19679
19680
19681
19682
19683
19684
19685
19686
19687
19689
19690
19691
19692
19707
19717
19718
19719
19720
19721
19722
19723
19724
19725
19726
19727
19738
19739
19740
19741
19746
19747
19772
19776
19777
19778
19779
19780
19781
19782
19783
19793
19794
19795
19796
19797
19798
19802
19803
19804
19805
19806
19807
19808
19809
19810
19833
19834
19835
19836
19837
19838
19839
19840
19841
19842
19843
19844
19845
19846
19847
19848
19849
19850
19851
19852
19853
19854
19855
19856
19909
19919
19944
19945
19946
19947
19948
19970
19973
19974
19975
19987
19988
19989
19990
19991
19992
19993
19994
19995
19996
20007
20008
20009
20023
20040
20041
20042
20043
20044
20052
20056
20057
20058
20186
20244
20245
20246
20247
20412
20413
20414
20415
20416
20417
20418
20419
20420
20421
20422
20426
20427
20428
20429
20430
20431
20432
20433
20435
20481
20482
20483
20498
20521
20523
20556
20557
20575
20576
20592
20624
20636
20641
20642
20643
20651
20656
20657
20658
20692
20693
20713
20714
20715
20729
20741
20742
20743
20747
20779
20817
20820
20838
20866
20876
20898
20902
20937
20938
20948
20950
20951
20955
20979
20990
20998
21010
21011
21013
21027
21030
21043
21048
21050
21052
21064
21076
21086
21109
21110
21111
21112
21113
21114
21115
21119
21135
21136
21184
21188
21190
21196
21197
21203
21225
21226
21227
21228
21229
21230
21231
21232
21238
21239
21247
21268
21286
21338
21341
21342
21343
21344
21345
21371
21393
21398
21403
21441
21449
21477
21478
21479
21489
21501
21503
21552
21572
21579
21581
21594
21596
21614
21695
21696
21697
21698
21699
21725
21727
21738
21746
21749
21750
21765
21768
21783
21786
21792
21793
21796
21797
21799
21817
21818
21819
21844
21845
21860
21861
21869
21870
21871
21872
21873
21874
21875
21876
21877
21879
21895
21896
21897
21898
21899
21900
21903
21904
21905
21909
21910
21911
21914
21959
21960
21963
21975
21978
21979
21982
21983
21984
21985
21986
21987
21988
21989
21990
21992
21993
22006
22014
22029
22035
22045
22048
22060
22062
22084
22085
22086
22100
22102
22113
22117
22123
22129
22137
22138
22139
22140
22141
22142
22143
22144
22145
22146
22147
22153
22156
22157
22158
22161
22171
22173
22180
22200
22205
22206
22207
22208
22209
22210
22230
22231
22237
22240
22242
22245
22246
22249
22263
22266
22267
22268
22273
22280
22281
22282
22298
22300
22301
22302
22303
22304
22305
22306
22309
22310
22311
22312
22316
22317
22320
22322
22333
22334
22335
22336
22337
22338
22339
22340
22341
22345
22360
22361
22362
22363
22364
22373
22375
22376
22377
22390
22391
22393
22394
22395
22396
22397
22403
22406
22410
22411
22412
22413
22414
22415
22416
22417
22418
22419
22420
22427
22428
22436
22437
22450
22457
22458
22475
22483
22484
22485
22486
22487
22488
22489
22490
22523
22528
22529
22530
22531
22532
22533
22534
22535
22536
22537
22538
22539
22540
22541
22552
22558
22560
22561
22562
22563
22564
22565
22566
22567
22568
22571
22580
22583
22584
22586
22587
22591
22593
22599
22609
22616
22617
22621
22632
22671
22674
22678
22679
22680
22681
22683
22684
22685
22686
22691
22692
22693
22694
22695
22696
22697
22698
22699
22700
22701
22702
22703
22704
22705
22706
22707
22708
22709
22710
22711
22712
22713
22722
22723
22729
22730
22731
22732
22733
22734
22735
22736
22737
22739
22748
22749
22751
22753
22782
22784
22796
22797
22798
22801
22811
22813
22819
22821
22823
22824
22825
22830
22831
22833
22834
22835
22837
22849
22850
22851
22854
22855
22856
22870
22872
22873
22874
22886
22887
22888
22891
22898
22900
22904
22905
22906
22911
22945
22947
22952
22977
22983
22985
22986
22989
22992
22993
22995
22996
22997
23000
23001
23006
23014
23015
23016
23017
23018
23022
23027
23028
23037
23045
23047
23054
23055
23065
23074
23075
23076
23077
23078
23079
23080
23082
23083
23084
23085
23087
23093
23094
23126
23127
23128
23129
23149
23150
23152
23157
23160
23161
23162
23164
23165
23167
23169
23181
23182
23183
23184
23185
23187
23190
23195
23204
23205
23206
23207
23208
23209
23213
23214
23217
23219
23238
23240
23241
23242
23243
23244
23245
23249
23250
23255
23263
23264
23265
23278
23279
23297
23298
23299
23301
23302
23309
23310
23312
23332
23333
23334
23335
23341
23342
23343
23346
23347
23348
23349
23350
23361
23362
23363
23368
23369
23376
23378
23381
23391
23400
23402
23404
23405
23406
23407
23408
23409
23410
23411
23428
23429
23430
23431
23442
23443
23446
23447
23448
23449
23451
23452
23453
23454
23455
23456
23457
23458
23459
23460
23461
23462
23465
23466
23468
23471
23472
23474
23475
23476
23479
23481
23487
23491
23492
23494
23495
23496
23511
23512
23513
23514
23515
23518
23519
23523
23528
23529
23530
23531
23532
23538
23539
23540
23542
23543
23553
23554
23555
23556
23559
23562
23564
23565
23566
23567
23569
23570
23575
23580
23583
23586
23587
23588
23589
23590
23593
23596
23597
23598
23599
23600
23601
23602
23603
23609
23610
23611
23612
23614
23615
23616
23617
23618
23625
23626
23627
23628
23629
23630
23631
23633
23637
23638
23639
23640
23647
23648
23662
23663
23664
23665
23666
23667
23668
23669
23670
23671
23672
23673
23674
23675
23676
23677
23678
23679
23680
23681
23682
23683
23688
23689
23690
23691
23692
23693
23694
23695
23696
23697
23698
23699
23700
23701
23702
23703
23704
23705
23706
23707
23708
23728
23729
23730
23731
23732
23733
23734
23735
23737
23745
23753
23755
23756
23757
23758
23759
23760
23761
23762
23763
23764
23765
23766
23767
23772
23773
23774
23777
23778
23779
23780
23782
23783
23784
23790
23793
23796
23806
23809
23812
23813
23816
23817
23818
23819
23822
23824
23831
23832
23840
23845
23846
23851
23852
23855
23859
23861
23863
23869
23872
23875
23876
23879
23884
23885
23886
23887
23890
23891
23892
23893
23894
23895
23896
23902
23904
23905
23906
23907
23908
23910
23912
23913
23914
23915
23916
23917
23919
23920
23921
23922
23923
23925
23931
23934
23946
23950
23952
23953
23954
23955
23956
23957
23962
23965
23966
23967
23969
23970
23971
23972
23973
23974
23978
23979
23980
23981
23982
23987
23989
23991
23992
23999
24002
24003
24004
24009
24010
24012
24013
24015
24016
24017
24019
24021
24022
24023
24024
24025
24026
24027
24029
24031
24032
24033
24037
24039
24040
24041
24042
24054
24060
24061
24062
24065
24066
24069
24071
24072
24074
24076
24078
24079
24080
24081
24083
24084
24087
24089
24090
24094
24097
24101
24104
24106
24107
24111
24112
24115
24116
24119
24120
24122
24123
24124
24125
24128
24131
24137
24140
24142
24143
24144
24147
24148
24151
24152
24154
24155
24156
24160
24162
24163
24166
24167
24171
24175
24178
24180
24182
24183
24186
24187
24188
24191
24192
24194
24202
24206
24208
24210
24211
24214
24215
24216
24219
24221
24222
24223
24225
24227
24229
24230
24231
24232
24235
24237
24246
24247
24251
24257
24258
24260
24261
24264
24270
24272
24273
24275
24276
24279
24280
24283
24284
24288
24292
24294
24296
24300
24305
24306
24307
24308
24314
24315
24316
24326
24331
24333
24337
24340
24341
24346
24348
24350
24354
24355
24356
24359
24361
24363
24364
24369
24372
24373
24376
24383
24386
24387
24390
24394
24396
24398
24401
24402
24406
24412
24413
24415
24416
24417
24425
24426
24435
24438
24440
24443
24445
24447
24448
24449
24455
24457
24461
24464
24465
24468
24471
24473
24477
24479
24480
24481
24483
24487
24490
24496
24500
24501
24502
24503
24504
24507
24510
24513
24514
24522
24523
24524
24525
24529
24533
24534
24537
24539
24540
24543
24545
24546
24549
24550
24553
24554
24556
24557
24558
24560
24563
24564
24565
24566
24569
24571
24573
24575
24577
24579
24581
24582
24583
24586
24590
24596
24603
24605
24609
24614
24615
24616
24617
24618
24620
24623
24624
24625
24629
24642
24645
24648
24650
24653
24656
24661
24662
24666
24667
24670
24671
24672
24675
24676
24677
24679
24681
24683
24687
24689
24690
24691
24693
24723
24724
24726
24735
24747
24749
24750
24753
24754
24757
24758
24759
24761
24764
24768
24779
24784
24788
24790
24796
24797
24798
24799
24809
24812
24814
24831
24833
24845
24853
24858
24864
24870
24871
24872
24875
24876
24886
24895
24902
24906
24907
24913
24917
24919
24920
24921
24925
24929
24933
24935
24937
24939
24946
24956
24957
24958
24959
24962
24969
24973
24974
24976
24978
24987
24988
24990
24991
24996
25003
25008
25011
25016
25017
25018
25021
25023
25024
25028
25031
25035
25045
25047
25053
25055
25060
25074
25076
25081
25088
25090
25092
25094
25103
25105
25109
25110
25111
25116
25118
25123
25136
25145
25147
25152
25162
25164
25165
25167
25168
25172
25174
25178
25184
25193
25194
25195
25196
25198
25202
25205
25207
25208
25212
25215
25216
25219
25220
25229
25236
25237
25240
25244
25248
25249
25251
25254
25259
25260
25261
25266
25268
25270
25273
25275
25277
25280
25285
25286
25290
25303
25305
25307
25320
25321
25326
25328
25338
25343
25349
25352
25353
25367
25368
25369
25370
25375
25376
25377
25378
25379
25388
25394
25396
25399
25403
25407
25411
25416
25419
25421
25422
25429
25430
25432
25433
25436
25439
25450
25453
25456
25457
25459
25462
25463
25484
25486
25492
25495
25500
25501
25502
25503
25509
25514
25534
25538
25540
25542
25544
25547
25552
25553
25558
25560
25574
25584
25590
25591
25601
25603
25611
25614
25620
25630
25634
25638
25639
25640
25642
25643
25644
25654
25691
25695
25700
25716
25717
25722
25729
25731
25732
25737
25739
25744
25751
25752
25758
25770
25787
25798
25801
25808
25829
25830
25834
25838
25854
25855
25858
25860
25864
25867
25879
25881
25886
25887
25890
25891
25901
25905
25917
25919
25920
25928
25929
25934
25944
25948
25951
25954
25957
25969
25990
25993
26000
26007
26014
26021
26025
26028
26032
26035
26038
26041
26049
26053
26068
26072
26083
26085
26092
26098
26100
26108
26110
26115
26118
26120
26127
26136
26142
26148
26149
26155
26168
26177
26183
26190
26191
26192
26198
26205
26208
26212
26217
26220
26229
26233
26235
26236
26237
26240
26242
26243
26245
26254
26259
26262
26266
26272
26273
26277
26279
26283
26284
26287
26293
26297
26298
26299
26301
26304
26307
26317
26321
26326
26330
26331
26332
26333
26340
26341
26342
26351
26352
26354
26360
26362
26363
26365
26366
26370
26377
26378
26379
26383
26387
26388
26392
26399
26400
26401
26402
26403
26406
26407
26408
26410
26412
26414
26417
26418
26419
26422
26429
26430
26431
26433
26436
26441
26444
26445
26448
26450
26453
26454
26455
26457
26461
26463
26465
26466
26467
26469
26470
26471
26475
26476
26480
26482
26487
26489
26493
26496
26500
26504
26505
26507
26509
26510
26513
26514
26519
26520
26525
26528
26531
26534
26536
26537
26538
26539
26541
26545
26546
26547
26550
26553
26558
26560
26567
26572
26574
26577
26578
26589
26591
26593
26594
26604
26608
26609
26622
26623
26626
26627
26631
26632
26636
26642
26644
26649
26650
26652
26654
26657
26658
26662
26663
26665
26671
26674
26675
26679
26681
26682
26683
26687
26688
26691
26694
26702
26711
26714
26716
26718
26723
26724
26725
26726
26731
26733
26734
26737
26738
26739
26745
26746
26748
26755
26756
26760
26765
26769
26773
26775
26778
26779
26782
26783
26784
26785
26788
26793
26795
26796
26797
26814
26821
26822
26825
26832
26833
26834
26837
26839
26840
26848
26854
26858
26859
26863
26864
26872
26877
26885
26887
26890
26893
26899
26906
26911
26913
26925
26932
26936
26945
26946
26948
26950
26951
26959
26964
26970
26979
26980
26981
26993
26995
26999
27001
27009
27017
27026
27027
27029
27030
27032
27034
27035
27038
27041
27042
27054
27055
27060
27061
27062
27063
27074
27076
27078
27080
27081
27090
27092
27093
27094
27096
27098
27099
27109
27113
27116
27117
27118
27124
27125
27126
27129
27135
27140
27142
27143
27147
27149
27157
27163
27167
27168
27178
27179
27185
27186
27191
27192
27193
27195
27196
27198
27200
27203
27205
27211
27213
27214
27217
27219
27227
27234
27237
27241
27243
27244
27247
27251
27252
27263
27273
27278
27279
27281
27285
27289
27290
27301
27302
27307
27308
27324
27330
27332
27333
27338
27339
27342
27349
27350
27361
27366
27367
27374
27376
27379
27380
27385
27386
27387
27389
27403
27406
27409
27414
27415
27420
27421
27432
27435
27440
27445
27446
27450
27459
27461
27469
27475
27485
27490
27498
27503
27506
27509
27512
27519
27524
27526
27531
27538
27541
27543
27544
27549
27551
27552
27560
27566
27579
27585
27595
27596
27606
27612
27613
27621
27624
27626
27628
27629
27631
27632
27636
27640
27641
27645
27649
27650
27651
27652
27656
27657
27670
27673
27676
27677
27679
27682
27685
27690
27691
27710
27716
27719
27724
27727
27741
27744
27748
27757
27774
27775
27783
27789
27799
27802
27811
27814
27816
27818
27821
27830
27831
27835
27839
27846
27848
27849
27855
27858
27861
27876
27877
27880
27883
27886
27892
27906
27907
27909
27910
27919
27925
27934
27940
27946
27951
27952
27953
27956
27961
27964
27965
27966
27968
27969
27970
27978
27979
27981
27984
28002
28004
28007
28015
28018
28020
28028
28039
28040
28042
28043
28051
28053
28061
28062
28063
28075
28082
28086
28094
28095
28107
28110
28118
28119
28125
28133
28134
28135
28144
28154
28155
28157
28158
28159
28167
28169
28171
28173
28176
28187
28190
28192
28197
28198
28201
28210
28214
28219
28221
28226
28227
28229
28244
28246
28252
28259
28264
28271
28273
28274
28281
28284
28285
28287
28288
28289
28291
28292
28301
28312
28320
28324
28326
28328
28330
28332
28338
28339
28340
28342
28351
28352
28354
28360
28363
28365
28369
28372
28373
28375
28377
28390
28394
28400
28403
28408
28410
28412
28414
28420
28428
28430
28434
28445
28451
28453
28467
28470
28473
28474
28476
28482
28483
28488
28490
28491
28494
28496
28503
28507
28508
28509
28511
28514
28520
28521
28523
28526
28529
28530
28540
28543
28545
28550
28554
28557
28558
28561
28565
28568
28571
28580
28583
28586
28592
28597
28606
28609
28618
28621
28622
28627
28630
28631
28638
28646
28654
28660
28665
28666
28670
28676
28680
28684
28686
28697
28699
28704
28709
28712
28717
28719
28720
28722
28728
28730
28731
28738
28739
28742
28753
28759
28762
28763
28766
28770
28772
28773
28777
28778
28779
28780
28793
28794
28802
28803
28804
28805
28806
28809
28814
28832
28836
28844
28845
28856
28859
28862
28866
28868
28873
28877
28882
28884
28885
28895
28896
28897
28898
28902
28904
28907
28910
28911
28915
28919
28920
28921
28924
28928
28932
28933
28939
28942
28951
28953
28959
28960
28962
28963
28966
28968
28970
28971
28976
28982
28989
28997
29003
29005
29007
29017
29019
29020
29023
29026
29033
29035
29042
29043
29051
29058
29059
29068
29069
29075
29076
29089
29091
29095
29096
29102
29103
29109
29112
29114
29117
29122
29124
29128
29133
29135
29136
29144
29161
29168
29174
29177
29180
29183
29185
29191
29206
29210
29212
29215
29218
29220
29221
29228
29232
29233
29236
29237
29242
29256
29262
29263
29266
29270
29272
29273
29276
29287
29290
29291
29293
29297
29302
29307
29314
29317
29322
29329
29336
29340
29342
29350
29352
29353
29354
29360
29363
29367
29368
29370
29375
29376
29379
29380
29382
29384
29390
29394
29397
29405
29419
29420
29427
29435
29436
29438
29448
29453
29463
29474
29479
29480
29481
29485
29492
29498
29501
29502
29504
29505
29515
29516
29535
29539
29551
29562
29566
29569
29572
29575
29588
29589
29590
29591
29592
29593
29595
29598
29602
29605
29606
29612
29625
29633
29642
29646
29653
29668
29673
29676
29681
29688
29691
29703
29705
29706
29707
29709
29716
29718
29730
29735
29737
29738
29741
29742
29747
29749
29754
29764
29765
29769
29772
29773
29774
29777
29779
29783
29786
29792
29806
29812
29814
29818
29832
29848
29851
29860
29861
29866
29868
29869
29875
29877
29879
29880
29901
29902
29903
29904
29907
29908
29909
29910
29911
29916
29918
29923
29927
29928
29933
29937
29940
29946
29959
29961
29964
29965
29969
29974
29975
29987
30000
30004
30007
30015
30018
30026
30029
30037
30039
30042
30046
30050
30054
30059
30063
30068
30069
30070
30074
30080
30081
30084
30087
30091
30092
30093
30095
30103
30113
30115
30129
30131
30134
30140
30142
30150
30153
30156
30158
30162
30163
30177
30184
30185
30187
30190
30193
30196
30199
30205
30209
30211
30212
30213
30215
30216
30219
30222
30226
30239
30243
30265
30268
30270
30271
30276
30278
30286
30290
30294
30309
30312
30316
30319
30322
30331
30334
30341
30344
30355
30362
30367
30371
30374
30376
30385
30387
30389
30390
30399
30402
30406
30409
30410
30417
30421
30428
30434
30445
30452
30468
30470
30474
30477
30479
30480
30484
30486
30488
30489
30494
30501
30506
30510
30511
30512
30522
30523
30530
30531
30536
30542
30552
30553
30564
30565
30568
30571
30581
30593
30600
30606
30608
30609
30615
30619
30620
30621
30625
30628
30641
30647
30648
30650
30652
30653
30663
30665
30670
30672
30681
30683
30685
30690
30697
30700
30701
30706
30710
30721
30723
30724
30727
30735
30745
30750
30755
30759
30763
30775
30786
30789
30791
30794
30803
30806
30811
30814
30817
30819
30833
30839
30850
30852
30854
30862
30866
30874
30876
30883
30899
30903
30908
30912
30920
30925
30926
30934
30936
30945
30949
30955
30962
30986
30993
31001
31002
31006
31009
31010
31027
31028
31035
31041
31042
31043
31049
31052
31055
31056
31058
31062
31063
31069
31072
31077
31089
31098
31099
31102
31104
31105
31106
31109
31112
31121
31122
31124
31129
31130
31145
31152
31154
31159
31162
31163
31168
31170
31173
31176
31183
31185
31197
31200
31207
31209
31210
31211
31214
31215
31216
31219
31220
31232
31233
31236
31237
31238
31243
31249
31252
31271
31272
31274
31284
31289
31290
31293
31300
31302
31303
31309
31312
31316
31319
31320
31322
31325
31333
31341
31342
31343
31346
31349
31355
31364
31366
31368
31374
31375
31382
31384
31387
31388
31400
31402
31405
31406
31407
31408
31418
31419
31421
31450
31452
31453
31454
31457
31460
31463
31467
31468
31471
31473
31479
31487
31492
31497
31499
31505
31507
31508
31511
31512
31514
31516
31518
31520
31521
31555
31562
31564
31575
31576
31577
31579
31580
31582
31586
31587
31589
31592
31593
31597
31604
31606
31620
31621
31623
31636
31637
31638
31639
31640
31641
31647
31651
31652
31653
31654
31655
31656
31659
32060
32061
32062
32063
32064
32065
32066
32067
32068
32069
32070
32071
32072
32073
32074
32075
32076
32077
32078
32079
32080
32081
32082
32083
32084
32085
32086
32087
32088
32089
32090
32091
32092
32093
32094
32095
32101
32102
32103
32105
32106
32107
32108
32110
32111
32112
32113
32115
32116
32119
32120
32121
32122
32123
32124
32125
32126
32127
32128
32129
32130
32131
32132
32133
32134
32135
32136
32137
32138
32139
32140
32141
32142
32143
32144
32145
32146
32147
32148
32149
32150
32151
32152
32153
32154
32155
32156
32157
32158
32159
32160
32161
32162
32163
32164
32165
32166
32167
32168
32169
32170
32171
32172
32173
32228
32238
32239
32240
32243
32244
32245
32246
32250
32251
32252
32254
32264
32265
32266
32267
32268
32269
32275
32276
32280
32281
32285
32286
32287
32288
32294
32295
32296
32307
32308
32309
32310
32313
32314
32315
32316
32317
32320
32321
32325
32326
32327
32328
32331
32332
32336
32337
32338
32342
32346
32347
32348
32349
32350
32351
32354
32355
32356
32358
32359
32360
32361
32362
32363
32364
32365
32366
32367
32368
32369
32370
32373
32375
32376
32377
32378
32379
32380
32381
32382
32383
32384
32385
32386
32390
32391
32392
32393
32397
32398
32399
32400
32401
32402
32403
32406
32407
32408
32409
32410
32411
32412
32416
32417
32418
32423
32424
32425
32426
32429
32464
32465
32466
32469
32470
32471
32472
32473
32474
32475
32476
32477
32478
32479
32480
32481
32482
32485
32486
32487
32488
32489
32490
32492
32493
32494
32495
32498
32499
32503
32504
32505
32506
32507
32508
32509
32510
32511
32512
32513
32514
32515
32516
32517
32518
32520
32521
32524
32525
32526
32527
32528
32529
32531
32532
32533
32534
32535
32536
32540
32810
32813
32814
32821
32822
32823
32824
32825
32826
32827
32828
32829
32830
32831
32832
32833
32834
32835
32836
32837
32838
32839
32840
32841
32842
32843
32844
32845
32846
32847
32848
32849
32850
32851
32852
32853
32854
32855
32856
32857
32858
32859
32860
32861
32862
32863
32866
32867
32868
32869
32870
32871
32872
32873
32874
32875
32876
32877
32878
32879
32880
32881
32882
32883
32884
32885
32886
32887
32888
32889
32890
32891
32892
32893
32894
32895
32896
32897
32898
32899
32900
32901
32902
32903
32904
32905
32906
32907
32908
32909
32910
32911
32912
32913
32914
32915
32916
32917
32918
32919
32920
32921
32922
32923
32924
32949
33063
33064
33073
33074
33080
33081
33083
33084
33085
33086
33087
33088
33089
33090
33091
33092
33093
33094
33095
33096
33097
33098
33099
33100
33101
33102
33103
33108
33113
33116
33117
33118
33119
33120
33121
33122
33123
33124
33125
33126
33127
33128
33129
33130
33131
33138
33139
33140
33141
33142
33143
33144
33145
33146
33147
33148
33149
33150
33151
33152
33153
33154
33155
33156
33157
33158
33159
33160
33161
33162
33163
33164
33165
33166
33167
33168
33169
33170
33171
33172
33173
33174
33175
33176
33177
33178
33179
33180
33181
33182
33183
33188
33189
33191
33192
33193
33196
33197
33206
33207
33210
33211
33222
33227
33228
33236
33237
33238
33239
33242
33243
33244
33247
33248
33255
33256
33260
33261
33262
33263
33264
33265
33266
33267
33268
33269
33270
33271
33272
33273
33292
33293
33296
33297
33303
33304
33305
33311
33312
33315
33316
33319
33320
33321
33322
33333
33334
33345
33348
33349
33358
33359
33360
33361
33362
33363
33364
33368
33428
33431
33432
33433
33434
33440
33441
33444
33445
33446
33447
33448
33452
33456
33460
33461
33462
33463
33464
33465
33466
33469
33470
33471
33472
33473
33474
33475
33476
33477
33478
33479
33480
33481
33482
33483
33487
33488
33489
33490
33491
33492
33493
33494
33495
33496
33497
33498
33499
33500
33502
33503
33504
33508
33526
33546
33547
33548
33549
33551
33552
33553
33554
33555
33556
33557
33571
33573
33574
33576
33582
33583
33584
33585
33586
33587
33588
33589
33590
33591
33593
33594
33595
33750
33756
33757
33760
33761
33768
33773
33776
33783
33885
33886
33887
33888
33889
33890
33891
33892
33893
33897
33898
33900
33904
33905
33911
33912
33913
33914
33915
33916
33917
33918
33919
33920
33921
33922
33927
33931
33932
33935
33936
33937
33938
33939
33940
33941
33942
33943
33944
33945
33946
33947
33948
33949
33950
33951
33952
33953
33954
33955
33956
33958
33961
33962
33963
33964
33965
33966
33967
33968
33969
33970
33971
33972
33973
33974
33975
33976
33979
33980
33981
33982
33983
33984
33985
33986
33987
34012
34013
34017
34018
34019
34020
34027
34028
34029
34030
34031
34032
34033
34034
34035
34036
34037
34038
34039
34040
34041
34042
34043
34044
34045
34046
34047
34048
34049
34050
34051
34052
34053
34054
34055
34056
34057
34058
34059
34062
34063
34071
34072
34078
34079
34080
34081
34082
34088
34089
34090
34091
34092
34093
34094
34095
34096
34097
34098
34100
34101
34102
34103
34104
34105
34106
34108
34414
34415
34417
34421
34422
34423
34424
34425
34426
34428
34434
34436
34437
34438
34452
34453
34454
34455
34456
34457
34458
34459
34460
34462
34463
34470
34471
34476
34479
34480
34481
34482
34483
34484
34485
34486
34487
34488
34489
34490
34491
34492
34493
34494
34495
34496
34497
34498
34499
34500
34501
34502
34503
34504
34505
34506
34507
34508
34509
34510
34511
34512
34513
34514
34515
34516
34517
34518
34519
34520
34521
34522
34523
34524
34525
34526
34527
34528
34529
34530
34531
34532
34533
34534
34535
34536
34537
34538
34539
34540
34541
34542
34543
34544
34545
34546
34547
34548
34549
34550
34551
34552
34553
34554
34555
34556
34557
34558
34559
34560
34561
34562
34563
34566
34568
34569
34570
34571
34572
34576
34578
34579
34581
34583
34584
34585
34588
34589
34594
34595
34596
34597
34598
34599
34600
34601
34602
34603
34604
34608
34609
34610
34612
34613
34614
34615
34616
34617
34618
34622
34623
34624
34625
34626
34627
34628
35009
35016
35017
35018
35019
35020
35021
35023
35024
35025
35026
35033
35034
35037
35043
35044
35081
35082
35083
35084
35112
35113
35114
35115
35156
35157
35174
35203
35204
35205
35206
35207
35208
35209
35210
35211
35212
35223
35224
35234
35235
35291
35297
35298
35305
35310
35314
35315
35317
35318
35319
35323
35324
35331
35332
35335
35338
35344
35345
35346
35347
35352
35353
35357
35358
35362
35394
35395
35398
35399
35400
35401
35402
35403
35404
35405
35411
35412
35413
35422
35423
35424
35427
35428
35445
35464
35465
35476
35477
35478
35479
35480
35481
35482
35483
35490
35491
35492
35698
35699
35700
35701
35702
35703
35704
35705
35706
35707
35708
35709
35710
35711
35712
35713
35714
35715
35716
35717
35718
35719
35720
35721
35722
35723
35724
35725
35726
35727
35728
35729
35730
35731
35732
35733
35734
35735
35736
35737
35738
35739
35740
35741
35742
35743
35744
35745
35746
35747
35748
35749
35751
35752
35755
35756
35759
35760
35762
35763
35764
35765
35766
35767
35768
35770
35773
35780
35792
35793
35794
35795
35796
35797
35798
35799
35800
35801
35802
35803
35804
35805
35807
35808
35809
35810
35811
35812
35813
35814
35815
35816
35817
35818
35819
35820
35821
35822
35823
35824
35825
35826
35827
35828
35829
35830
35831
35832
35833
35834
35835
35836
35837
35838
35839
35840
35841
35842
35843
35852
35873
35875
35877
35883
35884
35887
35912
36003
36020
36021
36024
36027
36028
36078
36092
36093
36094
36095
36096
36097
36098
36099
36121
36124
36125
36126
36127
36128
36129
36130
36131
36132
36133
36162
36189
36197
36199
36200
36201
36202
36203
36204
36225
36226
36227
36228
36229
36242
36243
36245
36247
36248
36249
36250
36251
36252
36262
36263
36269
36273
36274
36275
36288
36289
36290
36400
36402
36404
36405
36406
36415
36418
36419
36420
36421
36425
36427
36428
36429
36430
36432
36433
36544
36545
36565
36566
36571
36591
36592
36593
36594
36595
36596
36597
36598
36599
36600
36601
36616
36617
36618
36626
36627
36628
36633
36634
36636
36637
36639
36691
36720
36721
36722
36723
36724
36725
36728
36747
36748
36761
36762
36767
36773
36774
36775
36790
36791
36792
36793
36831
36847
36848
36854
36855
36856
36858
36865
36866
36867
36868
36869
36870
36889
36890
36891
36892
36893
36894
36907
36913
36914
36915
36916
36917
36918
36919
36920
36924
36971
36972
36973
36978
36980
36984
36986
36987
36988
36989
36990
36997
36998
36999
37000
37001
37070
37071
37072
37073
37074
37075
37076
37077
37078
37079
37080
37081
37082
37083
37084
37085
37086
37087
37088
37089
37090
37091
37092
37093
37094
37095
37096
37097
37098
37099
37100
37101
37102
37103
37104
37105
37106
37107
37108
37109
37110
37111
37112
37113
37114
37118
37121
37123
37124
37137
37138
37197
37202
37203
37215
37216
37217
37218
37219
37220
37221
37222
37223
37224
37225
37226
37227
37228
37229
37230
37231
37232
37233
37234
37235
37236
37237
37238
37247
37248
37249
37250
37251
37261
37262
37265
37266
37305
37306
37307
37313
37315
37316
37318
37320
37323
37325
37388
37389
37395
37424
37425
37427
37428
37437
37438
37442
37443
37453
37455
37456
37457
37458
37459
37466
37467
37479
37480
37481
37482
37539
37540
37541
37542
37543
37544
37545
37546
37547
37548
37549
37550
37551
37552
37553
37554
37555
37556
37557
37558
37559
37560
37561
37562
37563
37564
37565
37566
37628
37631
37641
37663
37664
37666
37676
37683
37690
37691
37692
37693
37696
37697
37701
37707
37708
37709
37716
37717
37718
37765
37766
37767
37804
37809
37812
37814
37815
37816
37818
37819
37824
37825
37826
37827
37828
37829
37830
37831
37832
37833
37834
37835
37836
37837
37838
37843
37844
37845
37846
37847
37865
37866
37872
37878
37883
37884
37886
37893
37908
37962
37981
37985
37988
37989
37991
37995
37996
38007
38015
38054
38093
38094
38108
38130
38135
38145
38146
38171
38225
38239
38240
38253
38264
38271
38272
38280
38283
38290
38292
38306
38313
38315
38316
38318
38329
38341
38342
38359
38360
38362
38375
38380
38384
38389
38390
38391
38396
38397
38398
38399
38400
38401
38402
38408
38415
38416
38479
38480
38481
38483
38484
38485
38486
38487
38488
38489
38490
38491
38492
38503
38504
38505
38513
38514
38515
38516
38517
38518
38519
38520
38521
38522
38523
38524
38525
38526
38527
38528
38529
38530
38531
38532
38533
38534
38545
38546
38547
38548
38549
38550
38551
38552
38555
38556
38557
38562
38563
38564
38569
38570
38571
38572
38573
38574
38575
38576
38577
38578
38579
38580
38582
38583
38584
38585
38586
38587
38588
38589
38590
38591
38592
38593
38594
38595
38596
38597
38600
38601
38611
38615
38616
38617
38618
38619
38620
38643
38648
38649
38655
38656
38657
38658
38663
38664
38670
38671
38676
38678
38680
38682
38686
38687
38688
38689
38690
38691
38692
38693
38694
38695
38696
38697
38698
38699
38700
38701
38702
38703
38704
38705
38706
38707
38708
38709
38710
38711
38712
38713
38714
38715
38722
38723
38724
38725
38726
38727
38728
38729
38730
38731
38732
38733
38734
38735
38736
38737
38738
38739
38740
38741
38742
38743
38744
38745
38746
38747
38760
38761
38762
38768
38769
38774
38775
38776
38777
38784
38785
38789
38790
38794
38805
38807
38808
38809
38810
38811
38812
38813
38814
38815
38816
38817
38818
38819
38820
38821
38822
38823
38824
38825
38826
38827
38828
38829
38830
38831
38832
38833
38834
38835
38836
38837
38838
38839
38840
38841
38842
38843
38844
38845
38846
38847
38848
38849
38850
38851
38852
38853
38854
38855
38856
38857
38858
38859
38860
38864
38865
38866
38867
38878
38886
38887
38888
38889
38890
38897
38903
38904
38930
38932
38969
38970
38971
38972
38973
38976
38979
38997
38998
39006
39008
39010
39013
39019
39035
39041
39047
39052
39053
39054
39055
39057
39065
39066
39081
39084
39086
39094
39097
39100
39104
39105
39107
39108
39109
39110
39111
39112
39113
39114
39115
39116
39117
39118
39121
39132
39133
39134
39138
39142
39143
39151
39155
39197
39201
39205
39219
39220
39221
39222
39223
39224
39225
39230
39231
39245
39249
39254
39255
39256
39257
39258
39259
39260
39264
39276
39277
39278
39294
39295
39296
39297
39298
39299
39300
39305
39306
39308
39334
39335
39336
39337
39338
39339
39340
39341
39343
39344
39345
39346
39347
39348
39352
39359
39363
39369
39370
39372
39385
39399
39406
39407
39410
39411
39412
39413
39414
39415
39416
39417
39418
39421
39422
39426
39435
39441
39442
39443
39444
39445
39446
39447
39448
39453
39457
39458
39470
39477
39478
39480
39481
39482
39494
39495
39496
39497
39498
39499
39500
39501
39505
39508
39509
39531
39534
39798
39799
39800
39801
39802
39803
39804
39805
39806
39807
39808
39809
39810
39811
39812
39813
39814
39815
39816
39817
39818
39819
39820
39821
39822
39823
39824
39825
39826
39827
39828
39829
39830
39831
39832
39833
39834
39835
39836
39837
39838
39839
39840
39841
39842
39843
39844
39845
39846
39847
39848
39849
39850
39851
39852
39853
39854
39855
39856
39857
39858
39860
39861
39862
39863
39864
39865
39869
39870
39871
39890
39891
39893
39897
39903
39906
39907
39911
39914
39915
39916
39924
39931
39933
39934
39936
39938
39939
39940
39941
39942
39943
39944
39954
39955
39956
39958
39961
39962
39963
39964
39965
39966
39970
39971
39972
39973
39974
39975
39976
39979
39980
39981
39982
39983
40002
40003
40004
40005
40014
40019
40021
40022
40023
40025
40026
40033
40034
40035
40036
40047
40048
40049
40051
40052
40053
40054
40080
40089
40090
40093
40115
40117
40118
40123
40126
40142
40143
40144
40145
40154
40156
40157
40158
40182
40185
40188
40194
40195
40196
40197
40201
40202
40214
40215
40216
40220
40225
40227
40228
40229
40230
40243
40254
40255
40256
40257
40260
40261
40263
40273
40286
40287
40288
40289
40290
40302
40303
40333
40335
40336
40337
40338
40339
40340
40341
40342
40355
40357
40358
40359
40360
40361
40363
40364
40366
40367
40368
40371
40372
40376
40384
40385
40386
40389
40390
40405
40416
40417
40418
40419
40420
40421
40426
40427
40431
40432
40433
40456
40457
40458
40462
40463
40471
40473
40474
40475
40476
40481
40485
40486
40487
40488
40489
40490
40491
40492
40493
40519
40520
40522
40523
40674
40705
40706
40720
40721
40722
40723
40724
40725
40726
40727
40728
40729
40730
40731
40732
40733
40734
40735
40736
40737
40738
40739
40740
40741
40742
40743
40744
40745
40746
40747
40748
40749
40750
40751
40775
40776
40783
40784
40785
40794
40798
40801
40802
40803
40804
40813
40822
40823
40824
40831
40834
40836
40838
40839
40840
40847
40849
40851
40860
40864
40869
40871
40872
40873
40874
40875
40883
40886
40887
40888
40889
40890
40891
40892
40893
40894
40895
40900
40904
40905
40919
40927
40933
40946
40947
40948
40949
40950
40951
40957
40959
40964
40979
40980
40981
40982
40983
40984
40990
40991
41016
41056
41066
41067
41082
41087
41089
41105
41106
41107
41108
41109
41110
41111
41112
41113
41114
41115
41116
41117
41118
41119
41120
41121
41122
41123
41124
41125
41130
41131
41132
41133
41134
41135
41136
41137
41138
41139
41140
41141
41142
41143
41144
41145
41146
41147
41148
41149
41150
41151
41152
41153
41154
41155
41156
41157
41158
41159
41160
41161
41162
41163
41164
41165
41166
41167
41168
41169
41170
41171
41172
41173
41174
41175
41176
41177
41178
41179
41180
41181
41345
41347
41349
41350
41351
41352
41353
41356
41357
41362
41370
41371
41379
41380
41381
41382
41384
41405
41437
41438
41439
41440
41441
41442
41447
41448
41449
41454
41461
41467
41468
41469
41470
41471
41475
41476
41488
41489
41491
41494
41513
41514
41515
41516
41519
41520
41521
41531
41532
41533
41534
41537
41538
41539
41540
41541
41542
41543
41544
41545
41546
41547
41548
41549
41550
41551
41552
41553
41554
41555
41556
41557
41558
41562
41563
41570
41571
41572
41574
41575
41577
41578
41579
41581
41584
41586
41587
41591
41593
41596
41597
41600
41603
41604
41612
41613
41614
41615
41617
41619
41622
41623
41624
41625
41627
41628
41629
41631
41632
41633
41643
41655
41656
41660
41664
41665
41668
41669
41670
41671
41672
41673
41674
41675
41676
41677
41678
41679
41684
41685
41686
41687
41688
41691
41692
41694
41699
41700
41701
41702
41703
41717
41718
41733
41735
41740
41747
41750
41757
41758
41759
41762
41763
41764
41766
41767
41804
41805
41811
41812
41814
41815
41816
41823
41824
41830
41831
41832
41838
41845
41846
41852
41853
41854
41855
41856
41857
41858
41859
41860
41861
41862
41863
41864
41865
41878
41883
41884
41885
41886
41892
41893
41894
41895
41898
41901
41924
41928
41981
42005
42010
42017
42023
42024
42025
42026
42027
42036
42049
42052
42083
42084
42085
42090
42091
42092
42093
42094
42095
42096
42097
42098
42099
42100
42101
42102
42103
42104
42105
42106
42107
42108
42109
42110
42111
42112
42113
42114
42115
42116
42117
42118
42119
42121
42122
42123
42124
42136
42147
42152
42154
42155
42166
42181
42187
42189
42196
42197
42199
42205
42209
42210
42211
42216
42217
42220
42224
42234
42235
42239
42241
42251
42252
42253
42254
42255
42279
42280
42281
42282
42293
42297
42298
42299
42311
42319
42320
42321
42324
42325
42328
42334
42339
42340
42356
42357
42361
42362
42372
42373
42385
42386
42387
42394
42395
42441
42458
42459
42464
42465
42484
42485
42490
42491
42492
42493
42502
42507
42510
42512
42515
42516
42517
42520
42523
42525
42534
42549
42565
42568
42569
42570
42573
42576
42577
42578
42584
42591
42592
42605
42611
42612
42613
42614
42636
42637
42638
42639
42640
42641
42642
42643
42644
42645
42646
42647
42648
42649
42650
42651
42652
42653
42654
42655
42656
42657
42658
42659
42660
42661
42662
42663
42664
42665
42666
42667
42673
42686
42687
42688
42689
42690
42693
42707
42708
42722
42725
42726
42728
42729
42732
42740
42742
42743
42745
42773
42774
42777
42779
42811
42812
42814
42815
42832
42833
42835
42838
42841
42842
42843
42855
42856
42857
42866
42867
42868
42869
42870
42871
42872
42873
42874
42875
42876
42877
42878
42879
42880
42881
42882
42883
42884
42886
42887
42888
42889
42890
42892
42894
42895
42900
42903
42904
42910
42917
42918
42919
42922
42930
42936
42937
42938
42939
42940
42941
42955
42960
42961
42962
42969
42970
42974
42975
42980
42981
42984
42988
42990
42991
42992
42996
42997
42999
43003
43004
43019
43020
43021
43022
43024
43025
43026
43029
43030
43035
43039
43042
43060
43061
43071
43073
43074
43075
43076
43077
43078
43084
43085
43089
43090
43091
43098
43099
43101
43102
43105
43106
43107
43108
43109
43110
43116
43120
43126
43127
43129
43130
43138
43139
43144
43145
43146
43147
43148
43152
43154
43158
43161
43162
43165
43171
43174
43176
43177
43178
43190
43191
43197
43198
43200
43203
43204
43211
43221
43222
43231
43242
43246
43250
43270
43271
43272
43276
43278
43280
43281
43291
43292
43293
43294
43295
43297
43298
43301
43302
43304
43305
43306
43318
43319
43320
43321
43325
43326
43328
43333
43335
43338
43345
43346
43365
43366
43384
43385
43386
43388
43389
43390
43391
43392
43393
43401
43409
43410
43411
43412
43415
43416
43417
43419
43423
43429
43433
43454
43455
43456
43464
43465
43466
43467
43479
43480
43482
43491
43492
43495
43496
43497
43501
43502
43509
43510
43512
43513
43514
43519
43524
43525
43526
43529
43530
43531
43532
43541
43547
43548
43557
43558
43562
43563
43564
43565
43569
43581
43582
43588
43595
43596
43597
43598
43599
43613
43614
43619
43631
43639
43642
43660
43662
43663
43664
43665
43887
43905
43910
43913
43914
43925
43926
43930
43937
43944
43962
43963
43972
44005
44006
44007
44009
44019
44027
44040
44041
44043
44044
44075
44076
44077
44101
44107
44108
44155
44156
44168
44169
44182
44190
44191
44200
44201
44204
44205
44206
44222
44265
44277
44278
44279
44280
44290
44300
44305
44306
44368
44369
44376
44377
44378
44379
44380
44381
44382
44383
44384
44385
44402
44414
44428
44470
44471
44472
44512
44519
44520
44521
44522
44523
44524
44525
44526
44527
44528
44530
44534
44535
44538
44542
44543
44544
44545
44554
44555
44556
44563
44566
44574
44576
44583
44585
44588
44591
44592
44593
44594
44599
44606
44614
44615
44616
44617
44618
44619
44620
44621
44622
44626
44629
44636
44644
44645
44646
44649
44650
44653
44658
44661
44664
44669
44680
44683
44692
44693
44700
44705
44706
44709
44710
44711
44717
44718
44719
44722
44723
44724
44725
44726
44727
44728
44730
44731
44732
44739
44742
44745
44746
44748
44749
44750
44751
44752
44753
44754
44760
44761
44762
44763
44764
44770
44772
44773
44774
44775
44779
44780
44781
44783
44784
44785
44786
44787
44788
44797
44798
44800
44801
44802
44803
44804
44805
44806
44807
44808
44809
44810
44811
44812
44813
44814
44815
44816
44817
44818
44819
44820
44822
44823
44826
44827
44828
44835
44837
44853
44854
44862
44864
44871
44873
44875
44877
44878
44880
44885
44892
44893
44894
44897
44943
44944
44945
44946
44947
44954
44957
44958
44963
44978
44979
44981
44983
44984
44985
44986
44987
44988
44989
44990
44991
44995
44996
44997
44998
45016
45017
45018
45019
45020
45021
45022
45023
45024
45025
45026
45027
45028
45029
45030
45031
45032
45033
45034
45035
45042
45045
45049
45053
45054
45055
45056
45057
45063
45070
45079
45080
45086
45087
45091
45094
45096
45108
45109
45113
45119
45120
45125
45130
45133
45136
45144
45151
45152
45153
45154
45155
45156
45158
45159
45162
45163
45164
45165
45166
45169
45179
45180
45191
45196
45199
45200
45217
45253
45274
45275
45276
45277
45289
45290
45291
45292
45295
45303
45304
45313
45330
45331
45332
45333
45334
45335
45336
45342
45350
45353
45356
45361
45362
45363
45364
45365
45366
45367
45372
45396
45397
45405
45406
45415
45416
45421
45422
45423
45424
45427
45433
45434
45435
45437
45438
45440
45444
45446
45458
45459
45460
45465
45466
45475
45476
45482
45494
45500
45501
45514
45521
45528
45529
45530
45531
45543
45546
45547
45548
45549
45573
45580
45586
45597
45640
45670
45671
45672
45673
45674
45678
45695
45696
45697
45698
45699
45700
45701
45702
45703
45704
45711
45712
45714
45719
45766
45780
45783
45795
45803
45804
45805
45809
45814
45815
45816
45817
45824
45825
45826
45831
45835
45849
45854
45879
45882
45888
45889
45890
45898
45899
45903
45904
45906
45908
45909
45910
45911
45913
45914
45915
45925
45926
45928
45929
45944
45947
45970
45992
45993
45995
46001
46007
46008
46009
46010
46011
46022
46023
46028
46030
46031
46032
46033
46034
46035
46036
46037
46038
46039
46040
46041
46042
46043
46044
46045
46046
46047
46048
46049
46050
46051
46052
46053
46054
46055
46056
46057
46058
46059
46060
46061
46062
46067
46074
46075
46076
46077
46078
46079
46080
46081
46082
46093
46095
46105
46106
46107
46108
46109
46110
46111
46117
46122
46123
46124
46125
46126
46137
46138
46139
46155
46156
46158
46159
46160
46162
46163
46164
46165
46166
46170
46172
46173
46174
46175
46176
46178
46179
46181
46185
46186
46188
46197
46206
46207
46213
46223
46224
46225
46226
46227
46228
46229
46231
46233
46234
46244
46255
46262
46269
46285
46286
46287
46289
46290
46291
46293
46297
46302
46313
46314
46341
46342
46343
46344
46345
46346
46347
46354
46355
46360
46361
46365
46368
46369
46374
46375
46387
46389
46391
46392
46402
46419
46420
46421
46427
46430
46431
46434
46436
46451
46463
46464
46470
46471
46472
46502
46503
46504
46505
46506
46507
46514
46515
46518
46522
46523
46528
46529
46530
46534
46535
46536
46541
46542
46547
46553
46554
46557
46562
46565
46566
46567
46570
46576
46577
46578
46579
46585
46586
46587
46588
46589
46590
46591
46592
46593
46594
46595
46598
46600
46603
46607
46608
46610
46615
46616
46619
46623
46627
46628
46629
46630
46631
46634
46635
46636
46637
46639
46642
46659
46663
46664
46667
46668
46670
46672
46673
46674
46675
46677
46680
46695
46696
46697
46699
46714
46716
46717
46722
46723
46727
46728
46729
46731
46732
46744
46748
46751
46758
46763
46767
46779
46780
46782
46783
46784
46785
46786
46787
46792
46795
46796
46807
46809
46812
46813
46816
46817
46818
46819
46820
46821
46826
46831
46832
46838
46839
46840
46841
46842
46844
46847
46848
46855
46856
46870
46871
46872
46874
46882
46883
46887
46889
46896
46899
46904
46912
46914
46915
46916
46922
46924
46934
46942
46968
46969
46970
46971
46972
46973
46974
46975
46976
46977
46978
46979
46980
46981
46982
46983
46984
46985
46986
46988
46989
46990
46991
46993
47001
47005
47011
47016
47017
47022
47023
47024
47025
47026
47027
47038
47040
47044
47045
47046
47047
47048
47049
47050
47051
47052
47053
47054
47055
47056
47061
47070
47074
47075
47076
47080
47081
47082
47087
47088
47089
47096
47097
47104
47105
47113
47114
47115
47119
47120
47121
47130
47136
47137
47140
47152
47153
47154
47164
47165
47166
47167
47168
47169
47170
47171
47172
47173
47174
47175
47176
47177
47183
47184
47191
47199
47200
47201
47202
47210
47211
47217
47219
47220
47221
47222
47223
47224
47225
47226
47230
47243
47256
47267
47273
47274
47282
47283
47286
47287
47289
47302
47305
47306
47312
47314
47320
47321
47322
47325
47326
47327
47328
47329
47331
47332
47333
47334
47339
47340
47346
47354
47355
47357
47362
47367
47377
47378
47394
47400
47403
47404
47405
47406
47407
47408
47409
47410
47422
47423
47424
47425
47426
47427
47428
47429
47430
47431
47432
47434
47435
47436
47444
47450
47452
47453
47460
47462
47466
47467
47476
47481
47483
47484
47485
47486
47487
47494
47495
47496
47503
47504
47514
47515
47516
47517
47518
47519
47520
47524
47538
47544
47545
47546
47560
47564
47570
47571
47572
47583
47584
47590
47595
47600
47602
47603
47604
47607
47609
47610
47613
47614
47615
47616
47617
47618
47619
47620
47621
47622
47623
47624
47625
47626
47627
47636
47646
47650
47651
47656
47672
47673
47674
47679
47684
47685
47704
47705
47706
47707
47711
47723
47725
47735
47743
47744
47745
47746
47758
47759
47760
47761
47762
47770
47781
47782
47783
47784
47785
47787
47790
47791
47799
47801
47802
47807
47809
47817
47820
47823
47824
47825
47826
47827
47830
47833
47841
47859
47862
47863
47864
47865
47866
47867
47875
47884
47885
47886
47887
47888
47890
47895
47900
47901
47906
47914
47937
47938
47939
47945
47946
47947
47948
47949
47951
47953
47959
47966
47967
47975
47992
48000
48001
48002
48003
48004
48005
48006
48007
48008
48009
48014
48015
48016
48017
48018
48019
48020
48021
48035
48037
48049
48060
48061
48064
48072
48073
48077
48078
48080
48082
48084
48085
48101
48113
48116
48121
48122
48127
48129
48137
48138
48139
48140
48151
48153
48154
48161
48164
48169
48170
48171
48172
48173
48174
48176
48177
48178
48182
48185
48186
48213
48217
48226
48229
48230
48231
48232
48244
48249
48269
48273
48278
48279
48280
48283
48284
48290
48291
48292
48297
48298
48314
48315
48316
48317
48318
48334
48341
48350
48352
48353
48354
48355
48356
48357
48358
48359
48360
48367
48368
48369
48376
48385
48398
48402
48415
48417
48426
48427
48428
48429
48430
48436
48437
48439
48440
48444
48446
48450
48451
48452
48453
48454
48455
48465
48467
48468
48481
48513
48527
48528
48529
48530
48531
48540
48543
48544
48555
48561
48562
48568
48584
48591
48593
48594
48597
48601
48602
48603
48604
48605
48619
48628
48636
48642
48651
48654
48657
48658
48659
48662
48666
48678
48679
48681
48682
48683
48684
48686
48692
48696
48697
48703
48704
48709
48715
48721
48722
48723
48724
48730
48734
48740
48742
48745
48746
48747
48755
48756
48757
48758
48765
48766
48781
48782
48783
48785
48786
48787
48788
48789
48790
48791
48795
48797
48813
48814
48819
48831
48832
48834
48850
48861
48880
48891
48903
48904
48905
48906
48907
48927
48928
48931
48932
48933
48934
48936
48940
48942
48962
48965
48966
48977
48985
48986
48997
49045
49048
49049
49050
49051
49052
49053
49055
49058
49063
49087
49088
49089
49090
49091
49092
49097
49098
49099
49104
49105
49106
49107
49109
49113
49114
49115
49116
49117
49118
49119
49125
49126
49131
49151
49152
49157
49159
49160
49161
49162
49163
49164
49165
49166
49167
49168
49172
49177
49178
49185
49191
49192
49193
49194
49195
49196
49197
49198
49199
49200
49201
49202
49211
49212
49213
49216
49217
49219
49220
49221
49222
49228
49234
49235
49236
49237
49259
49260
49261
49262
49263
49264
49265
49266
49276
49279
49282
49288
49289
49290
49294
49298
49299
49300
49301
49305
49320
49322
49323
49324
49325
49326
49335
49339
49344
49348
49350
49352
49353
49354
49355
49356
49357
49358
49359
49379
49382
49388
49395
49396
49397
49398
49399
49400
49401
49402
49403
49404
49405
49407
49408
49409
49410
49425
49435
49436
49437
49438
49439
49440
49441
49442
49443
49444
49445
49456
49457
49458
49459
49464
49465
49490
49494
49495
49496
49497
49498
49499
49500
49501
49511
49512
49513
49514
49515
49516
49520
49521
49522
49523
49524
49525
49526
49527
49528
49551
49552
49553
49554
49555
49556
49557
49558
49559
49560
49561
49562
49563
49564
49565
49566
49567
49568
49569
49570
49571
49572
49573
49574
49627
49637
49662
49663
49664
49665
49666
49688
49691
49692
49693
49705
49706
49707
49708
49709
49710
49711
49712
49713
49714
49725
49726
49727
49741
49758
49759
49760
49761
49762
49770
49774
49775
49776
49904
49962
49963
49964
49965
50130
50131
50132
50133
50134
50135
50136
50137
50138
50139
50140
50144
50145
50146
50147
50148
50149
50150
50151
50153
50199
50200
50201
50216
50239
50241
50274
50275
50293
50294
50310
50342
50354
50359
50360
50361
50369
50374
50375
50376
50410
50411
50431
50432
50433
50447
50459
50460
50461
50465
50497
50535
50538
50556
50584
50594
50616
50620
50655
50656
50666
50668
50669
50673
50697
50708
50716
50728
50729
50731
50745
50748
50761
50766
50768
50770
50782
50794
50804
50827
50828
50829
50830
50831
50832
50833
50837
50853
50854
50902
50906
50908
50914
50915
50921
50943
50944
50945
50946
50947
50948
50949
50950
50956
50957
50965
50986
51004
51056
51059
51060
51061
51062
51063
51089
51111
51116
51121
51159
51167
51195
51196
51197
51207
51219
51221
51270
51290
51297
51299
51312
51314
51332
51413
51414
51415
51416
51417
51443
51445
51456
51464
51467
51468
51483
51486
51501
51504
51510
51511
51514
51515
51517
51535
51536
51537
51562
51563
51578
51579
51587
51588
51589
51590
51591
51592
51593
51594
51595
51597
51613
51614
51615
51616
51617
51618
51621
51622
51623
51627
51628
51629
51632
51677
51678
51681
51693
51696
51697
51700
51701
51702
51703
51704
51705
51706
51707
51708
51710
51711
51724
51732
51747
51753
51763
51766
51778
51780
51802
51803
51804
51818
51820
51831
51835
51841
51847
51855
51856
51857
51858
51859
51860
51861
51862
51863
51864
51865
51871
51874
51875
51876
51879
51889
51891
51898
51918
51923
51924
51925
51926
51927
51928
51948
51949
51955
51958
51960
51963
51964
51967
51981
51984
51985
51986
51991
51998
51999
52000
52016
52018
52019
52020
52021
52022
52023
52024
52027
52028
52029
52030
52034
52035
52038
52040
52051
52052
52053
52054
52055
52056
52057
52058
52059
52063
52078
52079
52080
52081
52082
52091
52093
52094
52095
52108
52109
52111
52112
52113
52114
52115
52121
52124
52128
52129
52130
52131
52132
52133
52134
52135
52136
52137
52138
52145
52146
52154
52155
52168
52175
52176
52193
52201
52202
52203
52204
52205
52206
52207
52208
52241
52246
52247
52248
52249
52250
52251
52252
52253
52254
52255
52256
52257
52258
52259
52270
52276
52278
52279
52280
52281
52282
52283
52284
52285
52286
52289
52298
52301
52302
52304
52305
52309
52311
52317
52327
52334
52335
52339
52350
52389
52392
52396
52397
52398
52399
52401
52402
52403
52404
52409
52410
52411
52412
52413
52414
52415
52416
52417
52418
52419
52420
52421
52422
52423
52424
52425
52426
52427
52428
52429
52430
52431
52440
52441
52447
52448
52449
52450
52451
52452
52453
52454
52455
52457
52466
52467
52469
52471
52500
52502
52514
52515
52516
52519
52529
52531
52537
52539
52541
52542
52543
52548
52549
52551
52552
52553
52555
52567
52568
52569
52572
52573
52574
52588
52590
52591
52592
52604
52605
52606
52609
52616
52618
52622
52623
52624
52629
52663
52665
52670
52695
52701
52703
52704
52707
52710
52711
52713
52714
52715
52718
52719
52724
52732
52733
52734
52735
52736
52740
52745
52746
52755
52763
52765
52772
52773
52783
52792
52793
52794
52795
52796
52797
52798
52800
52801
52802
52803
52805
52811
52812
52844
52845
52846
52847
52867
52868
52870
52875
52878
52879
52880
52882
52883
52885
52887
52899
52900
52901
52902
52903
52905
52908
52913
52922
52923
52924
52925
52926
52927
52931
52932
52935
52937
52956
52958
52959
52960
52961
52962
52963
52967
52968
52973
52981
52982
52983
52996
52997
53015
53016
53017
53019
53020
53027
53028
53030
53050
53051
53052
53053
53059
53060
53061
53064
53065
53066
53067
53068
53079
53080
53081
53086
53087
53094
53096
53099
53109
53118
53120
53122
53123
53124
53125
53126
53127
53128
53129
53146
53147
53148
53149
53160
53161
53164
53165
53166
53167
53169
53170
53171
53172
53173
53174
53175
53176
53177
53178
53179
53180
53183
53184
53186
53189
53190
53192
53193
53194
53197
53199
53205
53209
53210
53212
53213
53214
53229
53230
53231
53232
53233
53236
53237
53241
53246
53247
53248
53249
53250
53256
53257
53258
53260
53261
53271
53272
53273
53274
53277
53280
53282
53283
53284
53285
53287
53288
53293
53298
53301
53304
53305
53306
53307
53308
53311
53314
53315
53316
53317
53318
53319
53320
53321
53327
53328
53329
53330
53332
53333
53334
53335
53336
53343
53344
53345
53346
53347
53348
53349
53351
53355
53356
53357
53358
53365
53366
53380
53381
53382
53383
53384
53385
53386
53387
53388
53389
53390
53391
53392
53393
53394
53395
53396
53397
53398
53399
53400
53401
53406
53407
53408
53409
53410
53411
53412
53413
53414
53415
53416
53417
53418
53419
53420
53421
53422
53423
53424
53425
53426
53446
53447
53448
53449
53450
53451
53452
53453
53455
53463
53471
53473
53474
53475
53476
53477
53478
53479
53480
53481
53482
53483
53484
53485
53490
53491
53492
53495
53496
53497
53498
53500
53501
53502
53508
53511
53514
53524
53527
53530
53531
53534
53535
53536
53537
53540
53542
53549
53550
53558
53563
53564
53569
53570
53573
53577
53579
53581
53587
53590
53593
53594
53597
53602
53603
53604
53605
53608
53609
53610
53611
53612
53613
53614
53620
53622
53623
53624
53625
53626
53628
53630
53631
53632
53633
53634
53635
53637
53638
53639
53640
53641
53643
53649
53652
53664
53668
53670
53671
53672
53673
53674
53675
53680
53683
53684
53685
53687
53688
53689
53690
53691
53692
53696
53697
53698
53699
53700
53705
53707
53709
53710
53717
53720
53721
53722
53727
53728
53730
53731
53733
53734
53735
53737
53739
53740
53741
53742
53743
53744
53745
53747
53749
53750
53751
53755
53757
53758
53759
53760
53772
53778
53779
53780
53783
53784
53787
53789
53790
53792
53794
53796
53797
53798
53799
53801
53802
53805
53807
53808
53812
53815
53819
53822
53824
53825
53829
53830
53833
53834
53837
53838
53840
53841
53842
53843
53846
53849
53855
53858
53860
53861
53862
53865
53866
53869
53870
53872
53873
53874
53878
53880
53881
53884
53885
53889
53893
53896
53898
53900
53901
53904
53905
53906
53909
53910
53912
53920
53924
53926
53928
53929
53932
53933
53934
53937
53939
53940
53941
53943
53945
53947
53948
53949
53950
53953
53955
53964
53965
53969
53975
53976
53978
53979
53982
53988
53990
53991
53993
53994
53997
53998
54001
54002
54006
54010
54012
54014
54018
54023
54024
54025
54026
54032
54033
54034
54044
54049
54051
54055
54058
54059
54064
54066
54068
54072
54073
54074
54077
54079
54081
54082
54087
54090
54091
54094
54101
54104
54105
54108
54112
54114
54116
54119
54120
54124
54130
54131
54133
54134
54135
54143
54144
54153
54156
54158
54161
54163
54165
54166
54167
54173
54175
54179
54182
54183
54186
54189
54191
54195
54197
54198
54199
54201
54205
54208
54214
54218
54219
54220
54221
54222
54225
54228
54231
54232
54240
54241
54242
54243
54247
54251
54252
54255
54257
54258
54261
54263
54264
54267
54268
54271
54272
54274
54275
54276
54278
54281
54282
54283
54284
54287
54289
54291
54293
54295
54297
54299
54300
54301
54304
54308
54314
54321
54323
54327
54332
54333
54334
54335
54336
54338
54341
54342
54343
54347
54360
54363
54366
54368
54371
54374
54379
54380
54384
54385
54388
54389
54390
54393
54394
54395
54397
54399
54401
54405
54407
54408
54409
54411
54441
54442
54444
54453
54465
54467
54468
54471
54472
54475
54476
54477
54479
54482
54486
54497
54502
54506
54508
54514
54515
54516
54517
54527
54530
54532
54549
54551
54563
54571
54576
54582
54588
54589
54590
54593
54594
54604
54613
54620
54624
54625
54631
54635
54637
54638
54639
54643
54647
54651
54653
54655
54657
54664
54674
54675
54676
54677
54680
54687
54691
54692
54694
54696
54705
54706
54708
54709
54714
54721
54726
54729
54734
54735
54736
54739
54741
54742
54746
54749
54753
54763
54765
54771
54773
54778
54792
54794
54799
54806
54808
54810
54812
54821
54823
54827
54828
54829
54834
54836
54841
54854
54863
54865
54870
54880
54882
54883
54885
54886
54890
54892
54896
54902
54911
54912
54913
54914
54916
54920
54923
54925
54926
54930
54933
54934
54937
54938
54947
54954
54955
54958
54962
54966
54967
54969
54972
54977
54978
54979
54984
54986
54988
54991
54993
54995
54998
55003
55004
55008
55021
55023
55025
55038
55039
55044
55046
55056
55061
55067
55070
55071
55085
55086
55087
55088
55093
55094
55095
55096
55097
55106
55112
55114
55117
55121
55125
55129
55134
55137
55139
55140
55147
55148
55150
55151
55154
55157
55168
55171
55174
55175
55177
55180
55181
55202
55204
55210
55213
55218
55219
55220
55221
55227
55232
55252
55256
55258
55260
55262
55265
55270
55271
55276
55278
55292
55302
55308
55309
55319
55321
55329
55332
55338
55348
55352
55356
55357
55358
55360
55361
55362
55372
55409
55413
55418
55434
55435
55440
55447
55449
55450
55455
55457
55462
55469
55470
55476
55488
55505
55516
55519
55526
55547
55548
55552
55556
55572
55573
55576
55578
55582
55585
55597
55599
55604
55605
55608
55609
55619
55623
55635
55637
55638
55646
55647
55652
55662
55666
55669
55672
55675
55687
55708
55711
55718
55725
55732
55739
55743
55746
55750
55753
55756
55759
55767
55771
55786
55790
55801
55803
55810
55816
55818
55826
55828
55833
55836
55838
55845
55854
55860
55866
55867
55873
55886
55895
55901
55908
55909
55910
55916
55923
55926
55930
55935
55938
55947
55951
55953
55954
55955
55958
55960
55961
55963
55972
55977
55980
55984
55990
55991
55995
55997
56001
56002
56005
56011
56015
56016
56017
56019
56022
56025
56035
56039
56044
56048
56049
56050
56051
56058
56059
56060
56069
56070
56072
56078
56080
56081
56083
56084
56088
56095
56096
56097
56101
56105
56106
56110
56117
56118
56119
56120
56121
56124
56125
56126
56128
56130
56132
56135
56136
56137
56140
56147
56148
56149
56151
56154
56159
56162
56163
56166
56168
56171
56172
56173
56175
56179
56181
56183
56184
56185
56187
56188
56189
56193
56194
56198
56200
56205
56207
56211
56214
56218
56222
56223
56225
56227
56228
56231
56232
56237
56238
56243
56246
56249
56252
56254
56255
56256
56257
56259
56263
56264
56265
56268
56271
56276
56278
56285
56290
56292
56295
56296
56307
56309
56311
56312
56322
56326
56327
56340
56341
56344
56345
56349
56350
56354
56360
56362
56367
56368
56370
56372
56375
56376
56380
56381
56383
56389
56392
56393
56397
56399
56400
56401
56405
56406
56409
56412
56420
56429
56432
56434
56436
56441
56442
56443
56444
56449
56451
56452
56455
56456
56457
56463
56464
56466
56473
56474
56478
56483
56487
56491
56493
56496
56497
56500
56501
56502
56503
56506
56511
56513
56514
56515
56532
56539
56540
56543
56550
56551
56552
56555
56557
56558
56566
56572
56576
56577
56581
56582
56590
56595
56603
56605
56608
56611
56617
56624
56629
56631
56643
56650
56654
56663
56664
56666
56668
56669
56677
56682
56688
56697
56698
56699
56711
56713
56717
56719
56727
56735
56744
56745
56747
56748
56750
56752
56753
56756
56759
56760
56772
56773
56778
56779
56780
56781
56792
56794
56796
56798
56799
56808
56810
56811
56812
56814
56816
56817
56827
56831
56834
56835
56836
56842
56843
56844
56847
56853
56858
56860
56861
56865
56867
56875
56881
56885
56886
56896
56897
56903
56904
56909
56910
56911
56913
56914
56916
56918
56921
56923
56929
56931
56932
56935
56937
56945
56952
56955
56959
56961
56962
56965
56969
56970
56981
56991
56996
56997
56999
57003
57007
57008
57019
57020
57025
57026
57042
57048
57050
57051
57056
57057
57060
57067
57068
57079
57084
57085
57092
57094
57097
57098
57103
57104
57105
57107
57121
57124
57127
57132
57133
57138
57139
57150
57153
57158
57163
57164
57168
57177
57179
57187
57193
57203
57208
57216
57221
57224
57227
57230
57237
57242
57244
57249
57256
57259
57261
57262
57267
57269
57270
57278
57284
57297
57303
57313
57314
57324
57330
57331
57339
57342
57344
57346
57347
57349
57350
57354
57358
57359
57363
57367
57368
57369
57370
57374
57375
57388
57391
57394
57395
57397
57400
57403
57408
57409
57428
57434
57437
57442
57445
57459
57462
57466
57475
57492
57493
57501
57507
57517
57520
57529
57532
57534
57536
57539
57548
57549
57553
57557
57564
57566
57567
57573
57576
57579
57594
57595
57598
57601
57604
57610
57624
57625
57627
57628
57637
57643
57652
57658
57664
57669
57670
57671
57674
57679
57682
57683
57684
57686
57687
57688
57696
57697
57699
57702
57720
57722
57725
57733
57736
57738
57746
57757
57758
57760
57761
57769
57771
57779
57780
57781
57793
57800
57804
57812
57813
57825
57828
57836
57837
57843
57851
57852
57853
57862
57872
57873
57875
57876
57877
57885
57887
57889
57891
57894
57905
57908
57910
57915
57916
57919
57928
57932
57937
57939
57944
57945
57947
57962
57964
57970
57977
57982
57989
57991
57992
57999
58002
58003
58005
58006
58007
58009
58010
58019
58030
58038
58042
58044
58046
58048
58050
58056
58057
58058
58060
58069
58070
58072
58078
58081
58083
58087
58090
58091
58093
58095
58108
58112
58118
58121
58126
58128
58130
58132
58138
58146
58148
58152
58163
58169
58171
58185
58188
58191
58192
58194
58200
58201
58206
58208
58209
58212
58214
58221
58225
58226
58227
58229
58232
58238
58239
58241
58244
58247
58248
58258
58261
58263
58268
58272
58275
58276
58279
58283
58286
58289
58298
58301
58304
58310
58315
58324
58327
58336
58339
58340
58345
58348
58349
58356
58364
58372
58378
58383
58384
58388
58394
58398
58402
58404
58415
58417
58422
58427
58430
58435
58437
58438
58440
58446
58448
58449
58456
58457
58460
58471
58477
58480
58481
58484
58488
58490
58491
58495
58496
58497
58498
58511
58512
58520
58521
58522
58523
58524
58527
58532
58550
58554
58562
58563
58574
58577
58580
58584
58586
58591
58595
58600
58602
58603
58613
58614
58615
58616
58620
58622
58625
58628
58629
58633
58637
58638
58639
58642
58646
58650
58651
58657
58660
58669
58671
58677
58678
58680
58681
58684
58686
58688
58689
58694
58700
58707
58715
58721
58723
58725
58735
58737
58738
58741
58744
58751
58753
58760
58761
58769
58776
58777
58786
58787
58793
58794
58807
58809
58813
58814
58820
58821
58827
58830
58832
58835
58840
58842
58846
58851
58853
58854
58862
58879
58886
58892
58895
58898
58901
58903
58909
58924
58928
58930
58933
58936
58938
58939
58946
58950
58951
58954
58955
58960
58974
58980
58981
58984
58988
58990
58991
58994
59005
59008
59009
59011
59015
59020
59025
59032
59035
59040
59047
59054
59058
59060
59068
59070
59071
59072
59078
59081
59085
59086
59088
59093
59094
59097
59098
59100
59102
59108
59112
59115
59123
59137
59138
59145
59153
59154
59156
59166
59171
59181
59192
59197
59198
59199
59203
59210
59216
59219
59220
59222
59223
59233
59234
59253
59257
59269
59280
59284
59287
59290
59293
59306
59307
59308
59309
59310
59311
59313
59316
59320
59323
59324
59330
59343
59351
59360
59364
59371
59386
59391
59394
59399
59406
59409
59421
59423
59424
59425
59427
59434
59436
59448
59453
59455
59456
59459
59460
59465
59467
59472
59482
59483
59487
59490
59491
59492
59495
59497
59501
59504
59510
59524
59530
59532
59536
59550
59566
59569
59578
59579
59584
59586
59587
59593
59595
59597
59598
59619
59620
59621
59622
59625
59626
59627
59628
59629
59634
59636
59641
59645
59646
59651
59655
59658
59664
59677
59679
59682
59683
59687
59692
59693
59705
59718
59722
59725
59733
59736
59744
59747
59755
59757
59760
59764
59768
59772
59777
59781
59786
59787
59788
59792
59798
59799
59802
59805
59809
59810
59811
59813
59821
59831
59833
59847
59849
59852
59858
59860
59868
59871
59874
59876
59880
59881
59895
59902
59903
59905
59908
59911
59914
59917
59923
59927
59929
59930
59931
59933
59934
59937
59940
59944
59957
59961
59983
59986
59988
59989
59994
59996
60004
60008
60012
60027
60030
60034
60037
60040
60049
60052
60059
60062
60073
60080
60085
60089
60092
60094
60103
60105
60107
60108
60117
60120
60124
60127
60128
60135
60139
60146
60152
60163
60170
60186
60188
60192
60195
60197
60198
60202
60204
60206
60207
60212
60219
60224
60228
60229
60230
60240
60241
60248
60249
60254
60260
60270
60271
60282
60283
60286
60289
60299
60311
60318
60324
60326
60327
60333
60337
60338
60339
60343
60346
60359
60365
60366
60368
60370
60371
60381
60383
60388
60390
60399
60401
60403
60408
60415
60418
60419
60424
60428
60439
60441
60442
60445
60453
60463
60468
60473
60477
60481
60493
60504
60507
60509
60512
60521
60524
60529
60532
60535
60537
60551
60557
60568
60570
60572
60580
60584
60592
60594
60601
60617
60621
60626
60630
60638
60643
60644
60652
60654
60663
60667
60673
60680
60704
60711
60719
60720
60724
60727
60728
60745
60746
60753
60759
60760
60761
60767
60770
60773
60774
60776
60780
60781
60787
60790
60795
60807
60816
60817
60820
60822
60823
60824
60827
60830
60839
60840
60842
60847
60848
60863
60870
60872
60877
60880
60881
60886
60888
60891
60894
60901
60903
60915
60918
60925
60927
60928
60929
60932
60933
60934
60937
60938
60950
60951
60954
60955
60956
60961
60967
60970
60989
60990
60992
61002
61007
61008
61011
61018
61020
61021
61027
61030
61034
61037
61038
61040
61043
61051
61059
61060
61061
61064
61067
61073
61082
61084
61086
61092
61093
61100
61102
61105
61106
61118
)


// ************************************************************************* //
