/*--------------------------------*- C++ -*----------------------------------*\
| =========                 |                                                 |
| \\      /  F ield         | OpenFOAM: The Open Source CFD Toolbox           |
|  \\    /   O peration     | Version:  v2012                                 |
|   \\  /    A nd           | Website:  www.openfoam.com                      |
|    \\/     M anipulation  |                                                 |
\*---------------------------------------------------------------------------*/
FoamFile
{
    version     2.0;
    format      ascii;
    class       labelList;
    location    "constant/polyMesh";
    object      cellProcAddressing;
}
// * * * * * * * * * * * * * * * * * * * * * * * * * * * * * * * * * * * * * //


15335
(
1
3
4
13
17
32
33
34
35
48
49
50
57
58
63
64
65
72
74
76
86
91
102
106
107
112
114
115
121
122
123
124
128
132
134
141
154
155
160
162
165
166
174
177
178
181
187
191
193
198
200
201
204
207
211
212
214
215
216
217
222
223
228
231
232
235
236
240
243
245
247
251
256
257
261
265
268
272
275
276
280
281
285
289
295
296
304
305
307
311
313
320
323
325
326
328
330
335
340
342
346
347
349
355
361
363
364
365
366
379
380
381
385
393
395
397
404
405
406
407
410
417
419
421
425
426
427
429
433
445
449
452
469
470
471
472
476
482
483
484
485
488
491
492
496
497
499
503
507
508
510
511
515
518
524
525
527
528
531
532
538
542
553
554
565
566
567
574
575
580
582
587
589
590
592
595
596
599
602
613
615
616
617
618
627
629
631
633
635
638
653
658
659
660
665
667
672
674
678
686
690
693
695
701
711
714
716
718
720
723
724
731
734
735
741
749
752
753
761
762
763
764
769
771
776
777
779
788
789
791
800
801
802
806
809
813
815
817
818
819
825
829
833
834
838
843
844
845
849
850
856
863
865
866
869
874
879
880
881
882
885
889
911
912
913
919
923
924
925
927
929
933
934
935
937
943
946
949
953
956
959
961
969
972
978
980
985
987
992
993
994
995
1002
1005
1008
1019
1020
1025
1028
1031
1039
1040
1041
1043
1046
1052
1053
1054
1062
1063
1064
1068
1071
1074
1075
1076
1082
1084
1085
1086
1087
1090
1091
1095
1096
1098
1101
1105
1108
1110
1111
1127
1128
1140
1143
1146
1149
1154
1156
1158
1160
1165
1167
1173
1176
1178
1181
1182
1183
1185
1186
1193
1204
1207
1208
1213
1214
1216
1220
1221
1222
1225
1228
1229
1233
1237
1238
1239
1245
1247
1251
1256
1257
1259
1262
1267
1273
1276
1278
1280
1283
1295
1299
1300
1302
1308
1309
1313
1314
1321
1322
1331
1335
1336
1342
1346
1347
1350
1352
1353
1359
1362
1366
1367
1379
1382
1384
1385
1390
1393
1397
1398
1401
1406
1409
1411
1413
1414
1416
1418
1420
1426
1428
1440
1441
1443
1452
1454
1456
1460
1475
1478
1480
1484
1487
1491
1492
1495
1501
1506
1509
1517
1525
1528
1529
1532
1533
1540
1541
1542
1545
1548
1554
1555
1559
1562
1563
1566
1568
1569
1570
1573
1575
1576
1577
1578
1592
1593
1596
1600
1601
1603
1605
1610
1613
1614
1619
1620
1621
1628
1630
1633
1635
1638
1639
1647
1655
1656
1658
1660
1682
1683
1685
1686
1690
1692
1694
1697
1700
1703
1705
1714
1719
1721
1730
1735
1736
1755
1756
1760
1761
1767
1771
1776
1782
1797
1808
1809
1811
1812
1814
1823
1828
1835
1840
1852
1855
1856
1858
1860
1865
1868
1869
1870
1872
1874
1879
1883
1884
1889
1892
1900
1917
1919
1921
1927
1928
1929
1930
1934
1937
1938
1940
1941
1942
1944
1945
1946
1948
1949
1951
1953
1956
1963
1965
1969
1972
1974
1985
1988
1990
1991
1992
1993
1999
2003
2006
2009
2010
2012
2021
2028
2029
2035
2036
2046
2054
2061
2065
2069
2074
2089
2091
2095
2097
2101
2104
2111
2115
2116
2117
2121
2123
2124
2125
2128
2139
2143
2144
2152
2158
2160
2162
2171
2176
2177
2180
2181
2184
2194
2197
2201
2203
2204
2217
2218
2221
2225
2230
2243
2245
2248
2251
2266
2269
2270
2274
2279
2282
2285
2290
2295
2299
2300
2308
2312
2317
2320
2326
2335
2339
2346
2348
2355
2361
2363
2366
2368
2369
2371
2372
2379
2380
2383
2384
2386
2393
2397
2398
2399
2404
2406
2407
2415
2420
2425
2428
2434
2438
2441
2450
2456
2459
2462
2475
2478
2481
2482
2485
2488
2490
2493
2496
2497
2500
2502
2504
2505
2508
2510
2515
2516
2518
2524
2526
2527
2531
2535
2536
2537
2538
2542
2551
2553
2554
2555
2557
2558
2568
2571
2574
2578
2583
2590
2594
2596
2603
2604
2613
2616
2620
2624
2626
2633
2634
2640
2641
2642
2647
2648
2650
2652
2656
2659
2666
2682
2689
2699
2706
2710
2716
2719
2723
2724
2727
2730
2733
2737
2740
2742
2744
2752
2763
2766
2767
2769
2773
2774
2784
2788
2795
2796
2801
2803
2804
2805
2810
2812
2813
2829
2830
2838
2839
2842
2844
2845
2850
2854
2858
2864
2875
2877
2887
2888
2889
2892
2894
2895
2904
2912
2915
2918
2919
2926
2928
2932
2941
2944
2945
2951
2952
2955
2956
2959
2960
2962
2964
2973
2976
2977
2978
2980
2983
2984
2986
3000
3001
3002
3006
3008
3009
3010
3015
3018
3021
3024
3025
3027
3035
3040
3053
3055
3060
3061
3065
3067
3074
3076
3078
3085
3093
3096
3097
3101
3108
3110
3112
3113
3126
3127
3128
3129
3131
3133
3134
3137
3140
3141
3142
3145
3148
3150
3151
3159
3160
3163
3164
3171
3175
3179
3181
3185
3189
3191
3203
3205
3207
3208
3212
3217
3230
3233
3234
3235
3242
3244
3245
3247
3257
3259
3260
3261
3267
3269
3275
3281
3284
3285
3286
3287
3289
3290
3299
3300
3302
3318
3321
3323
3326
3329
3331
3334
3341
3343
3345
3346
3347
3352
3358
3363
3364
3365
3370
3372
3373
3375
3377
3381
3382
3383
3384
3385
3387
3391
3394
3397
3400
3405
3408
3410
3411
3413
3434
3435
3436
3439
3445
3450
3451
3457
3464
3467
3468
3474
3476
3483
3490
3491
3500
3504
3512
3513
3516
3520
3521
3522
3524
3529
3530
3531
3532
3533
3534
3536
3537
3538
3539
3553
3555
3556
3557
3561
3562
3563
3564
3573
3574
3576
3584
3588
3590
3593
3600
3602
3603
3605
3607
3609
3616
3621
3622
3623
3625
3626
3628
3629
3631
3633
3635
3636
3641
3644
3645
3649
3656
3659
3660
3661
3670
3672
3675
3682
3686
3687
3693
3694
3695
3696
3697
3698
3699
3700
3701
3702
3703
3712
3713
3714
3715
3718
3720
3722
3727
3730
3732
3750
3751
3754
3761
3769
3772
3774
3778
3781
3783
3790
3791
3794
3799
3800
3801
3802
3808
3815
3818
3820
3822
3823
3825
3826
3828
3830
3832
3837
3843
3851
3857
3858
3860
3863
3867
3875
3879
3880
3882
3884
3890
3891
3901
3902
3903
3904
3907
3916
3921
3924
3929
3932
3934
3935
3936
3938
3946
3947
3950
3952
3955
3957
3961
3962
3969
3971
3974
3976
3978
3981
3984
3986
3991
3995
3997
4000
4006
4010
4016
4021
4022
4025
4039
4040
4043
4044
4046
4049
4052
4053
4060
4063
4064
4065
4067
4069
4083
4086
4087
4091
4097
4099
4107
4108
4117
4121
4124
4125
4126
4129
4133
4134
4135
4144
4147
4153
4156
4157
4162
4168
4170
4176
4179
4184
4186
4192
4197
4199
4204
4209
4211
4215
4216
4219
4222
4230
4232
4236
4237
4238
4239
4247
4248
4252
4258
4260
4267
4268
4269
4271
4272
4276
4277
4278
4282
4283
4286
4289
4293
4296
4300
4301
4304
4305
4307
4309
4314
4319
4322
4329
4332
4335
4336
4345
4346
4347
4349
4350
4355
4361
4363
4367
4368
4369
4371
4373
4376
4378
4381
4391
4393
4394
4397
4403
4405
4408
4413
4414
4418
4425
4426
4427
4432
4439
4440
4442
4444
4448
4450
4452
4456
4458
4460
4461
4462
4463
4476
4481
4487
4488
4492
4493
4494
4498
4502
4504
4509
4510
4511
4514
4515
4517
4527
4530
4532
4533
4536
4537
4541
4546
4550
4551
4553
4557
4559
4560
4561
4562
4563
4564
4565
4567
4568
4573
4574
4575
4578
4583
4586
4596
4597
4598
4601
4602
4606
4609
4616
4618
4620
4622
4624
4625
4627
4628
4633
4639
4641
4651
4655
4658
4660
4663
4666
4668
4669
4671
4672
4673
4674
4676
4681
4684
4687
4688
4690
4691
4692
4707
4712
4713
4715
4719
4724
4727
4730
4732
4733
4734
4735
4736
4740
4742
4743
4748
4749
4753
4754
4760
4765
4767
4769
4770
4771
4773
4777
4779
4782
4783
4785
4787
4799
4805
4809
4812
4814
4819
4820
4821
4824
4825
4829
4830
4846
4850
4851
4859
4863
4870
4876
4877
4878
4881
4883
4884
4888
4893
4894
4897
4903
4904
4906
4909
4911
4913
4928
4931
4935
4940
4941
4944
4945
4947
4948
4958
4962
4963
4964
4966
4967
4970
4971
4976
4982
4985
4986
4988
4989
4991
4993
4994
4996
4997
5010
5017
5021
5025
5027
5029
5033
5034
5036
5042
5047
5048
5058
5061
5069
5070
5071
5072
5073
5078
5082
5090
5097
5098
5104
5105
5107
5113
5119
5120
5122
5124
5128
5140
5141
5143
5145
5148
5149
5151
5156
5165
5173
5183
5185
5187
5191
5192
5200
5202
5205
5208
5209
5211
5214
5215
5216
5219
5220
5223
5228
5229
5230
5231
5233
5236
5240
5241
5247
5249
5251
5260
5262
5263
5264
5265
5267
5269
5270
5274
5279
5281
5282
5284
5294
5295
5300
5303
5304
5308
5309
5314
5316
5319
5322
5323
5324
5325
5330
5331
5336
5338
5339
5340
5347
5350
5351
5352
5354
5356
5364
5370
5371
5372
5380
5381
5383
5390
5396
5401
5402
5405
5407
5413
5416
5427
5431
5434
5436
5437
5448
5452
5454
5459
5461
5468
5469
5473
5474
5475
5483
5484
5486
5495
5497
5500
5503
5504
5506
5511
5517
5519
5526
5528
5529
5531
5532
5544
5546
5551
5553
5557
5560
5561
5577
5579
5580
5581
5582
5586
5588
5589
5590
5593
5595
5600
5603
5604
5605
5607
5612
5626
5628
5640
5641
5643
5644
5645
5647
5655
5656
5658
5662
5667
5669
5672
5676
5678
5681
5683
5684
5687
5695
5696
5698
5699
5703
5706
5716
5717
5719
5721
5723
5725
5727
5731
5735
5742
5746
5747
5755
5757
5760
5762
5763
5766
5767
5769
5773
5780
5781
5786
5788
5789
5790
5791
5792
5793
5797
5798
5803
5806
5807
5808
5809
5811
5816
5817
5819
5821
5825
5826
5837
5842
5853
5855
5858
5860
5863
5871
5873
5874
5878
5883
5884
5885
5889
5891
5892
5895
5899
5900
5908
5911
5912
5913
5914
5923
5934
5941
5947
5953
5962
5963
5965
5967
5970
5972
5973
5977
5978
5980
5989
5997
5998
6000
6001
6003
6007
6014
6017
6021
6023
6025
6028
6029
6036
6037
6041
6045
6046
6052
6063
6065
6066
6067
6069
6071
6075
6083
6085
6088
6090
6093
6094
6096
6104
6106
6110
6113
6114
6119
6123
6125
6128
6131
6141
6143
6144
6146
6147
6151
6166
6172
6173
6178
6180
6181
6184
6186
6191
6205
6207
6209
6210
6212
6216
6220
6233
6235
6236
6240
6243
6245
6247
6256
6257
6266
6267
6268
6269
6270
6273
6274
6275
6278
6280
6282
6283
6288
6293
6295
6300
6302
6304
6305
6313
6316
6319
6320
6324
6326
6328
6331
6333
6335
6338
6344
6351
6355
6359
6363
6368
6371
6373
6376
6378
6383
6386
6389
6390
6392
6393
6398
6401
6402
6406
6408
6410
6413
6419
6422
6423
6431
6438
6439
6442
6443
6444
6447
6449
6450
6456
6460
6461
6462
6465
6466
6468
6469
6474
6478
6481
6484
6487
6491
6495
6501
6502
6503
6504
6508
6513
6517
6527
6528
6530
6534
6536
6543
6544
6547
6548
6549
6551
6553
6554
6559
6560
6562
6563
6568
6572
6576
6584
6596
6604
6606
6607
6609
6616
6624
6625
6627
6630
6632
6633
6636
6641
6645
6646
6652
6655
6659
6664
6670
6671
6674
6684
6687
6693
6697
6702
6704
6705
6707
6710
6715
6716
6717
6726
6729
6731
6735
6741
6742
6745
6746
6747
6751
6762
6764
6769
6770
6772
6773
6775
6778
6779
6780
6781
6784
6785
6787
6790
6791
6795
6796
6798
6803
6811
6814
6815
6817
6818
6830
6835
6839
6843
6844
6848
6857
6858
6865
6868
6877
6887
6891
6898
6900
6901
6904
6905
6907
6908
6909
6910
6913
6914
6915
6916
6918
6919
6945
6952
6957
6959
6960
6962
6964
6966
6969
6972
6973
6978
6980
6981
6984
7000
7001
7003
7005
7008
7009
7014
7016
7017
7021
7022
7023
7025
7026
7028
7029
7030
7039
7043
7047
7049
7053
7055
7057
7059
7061
7065
7069
7070
7074
7077
7081
7084
7088
7091
7095
7096
7099
7100
7101
7102
7106
7107
7108
7111
7113
7114
7115
7118
7119
7123
7124
7129
7131
7133
7134
7137
7145
7146
7150
7158
7160
7162
7167
7171
7175
7186
7189
7194
7196
7198
7200
7202
7203
7204
7206
7208
7215
7217
7221
7227
7231
7234
7235
7237
7238
7245
7247
7251
7254
7256
7263
7265
7266
7268
7269
7271
7272
7281
7284
7285
7286
7289
7290
7293
7296
7305
7307
7309
7318
7322
7331
7336
7338
7340
7344
7346
7348
7349
7353
7361
7363
7364
7367
7375
7377
7383
7385
7389
7390
7392
7394
7399
7402
7404
7407
7409
7412
7414
7415
7420
7423
7424
7425
7428
7431
7432
7438
7441
7444
7448
7449
7450
7452
7455
7460
7463
7464
7465
7466
7471
7475
7477
7479
7480
7489
7491
7492
7500
7502
7505
7506
7508
7509
7511
7516
7517
7524
7525
7529
7530
7531
7532
7533
7535
7545
7547
7551
7557
7559
7561
7563
7564
7565
7570
7571
7572
7573
7580
7581
7584
7587
7588
7593
7598
7599
7600
7603
7606
7608
7611
7612
7614
7617
7620
7621
7635
7636
7638
7639
7640
7645
7646
7647
7648
7652
7653
7660
7666
7667
7668
7675
7679
7682
7684
7686
7693
7695
7696
7697
7700
7707
7709
7711
7713
7717
7718
7720
7722
7723
7724
7726
7727
7728
7729
7732
7735
7737
7738
7743
7745
7747
7749
7752
7756
7763
7764
7765
7766
7767
7768
7773
7774
7775
7776
7777
7779
7780
7781
7784
7789
7792
7795
7798
7801
7804
7808
7810
7811
7815
7817
7818
7819
7823
7826
7829
7834
7839
7845
7848
7849
7856
7862
7863
7864
7866
7868
7884
7887
7895
7913
7917
7919
7926
7930
7933
7935
7938
7940
7941
7944
7947
7951
7952
7954
7955
7957
7958
7959
7964
7966
7968
7972
7989
7990
7992
7993
7994
8006
8013
8018
8019
8021
8024
8025
8028
8029
8035
8038
8039
8041
8043
8049
8052
8058
8060
8062
8072
8075
8077
8078
8079
8081
8084
8086
8088
8089
8093
8094
8095
8096
8100
8103
8104
8111
8115
8116
8119
8122
8124
8127
8128
8129
8136
8137
8138
8141
8142
8148
8151
8153
8156
8157
8161
8163
8164
8165
8169
8170
8178
8180
8182
8183
8184
8185
8188
8192
8193
8198
8203
8204
8205
8206
8208
8209
8212
8214
8218
8220
8226
8227
8228
8229
8230
8232
8233
8234
8235
8236
8237
8239
8243
8246
8248
8250
8253
8255
8257
8260
8264
8271
8273
8275
8276
8278
8280
8283
8285
8287
8288
8289
8296
8297
8298
8299
8300
8302
8310
8311
8313
8314
8317
8322
8323
8328
8334
8339
8343
8344
8356
8359
8360
8361
8367
8369
8370
8375
8376
8379
8381
8382
8383
8384
8385
8386
8388
8393
8395
8397
8406
8407
8409
8410
8413
8415
8418
8419
8421
8422
8423
8426
8427
8432
8437
8438
8442
8445
8446
8448
8451
8461
8466
8476
8478
8480
8481
8483
8484
8486
8487
8502
8508
8513
8515
8517
8518
8519
8521
8523
8526
8527
8531
8532
8535
8539
8540
8541
8543
8544
8546
8547
8550
8552
8556
8561
8566
8568
8570
8571
8574
8575
8576
8577
8578
8580
8583
8587
8592
8597
8601
8604
8607
8610
8616
8617
8618
8619
8620
8621
8623
8624
8626
8627
8628
8634
8637
8639
8649
8650
8652
8663
8665
8669
8670
8675
8676
8684
8693
8694
8695
8698
8701
8702
8703
8707
8710
8711
8724
8726
8728
8732
8733
8741
8744
8745
8748
8749
8755
8757
8760
8762
8764
8777
8780
8790
8799
8801
8806
8808
8809
8811
8821
8823
8828
8830
8838
8843
8847
8852
8858
8861
8863
8866
8867
8869
8870
8872
8873
8874
8877
8890
8892
8896
8897
8898
8899
8903
8905
8907
8908
8910
8911
8917
8920
8922
8924
8926
8927
8936
8941
8949
8951
8953
8958
8963
8964
8965
8976
8979
8981
8986
8988
8993
9000
9002
9004
9007
9010
9016
9022
9024
9027
9028
9029
9031
9035
9037
9038
9042
9045
9047
9049
9052
9056
9064
9071
9074
9076
9078
9081
9082
9083
9084
9090
9095
9096
9099
9101
9103
9104
9108
9109
9111
9113
9114
9120
9122
9123
9124
9127
9130
9140
9145
9146
9151
9154
9157
9158
9159
9166
9171
9175
9178
9185
9186
9190
9192
9193
9201
9202
9212
9217
9220
9222
9224
9227
9228
9229
9230
9238
9240
9245
9247
9249
9254
9256
9257
9261
9262
9266
9268
9269
9277
9279
9282
9297
9298
9299
9303
9306
9317
9320
9322
9324
9332
9337
9339
9342
9346
9350
9364
9365
9366
9367
9372
9375
9379
9385
9386
9387
9390
9393
9395
9397
9398
9401
9402
9404
9405
9407
9409
9413
9422
9423
9426
9432
9433
9434
9435
9437
9438
9439
9440
9441
9445
9456
9458
9464
9468
9473
9474
9479
9483
9486
9487
9488
9490
9494
9497
9498
9506
9507
9508
9513
9514
9517
9520
9527
9529
9530
9532
9534
9548
9556
9557
9560
9563
9568
9569
9570
9574
9577
9581
9582
9585
9586
9589
9595
9603
9609
9612
9613
9614
9615
9617
9620
9631
9632
9637
9639
9640
9642
9648
9652
9654
9655
9660
9661
9662
9663
9664
9673
9674
9675
9684
9686
9690
9694
9695
9697
9710
9711
9718
9719
9721
9731
9733
9739
9740
9741
9745
9746
9747
9749
9750
9753
9754
9760
9762
9767
9770
9772
9777
9779
9785
9786
9788
9803
9810
9811
9813
9817
9825
9826
9830
9832
9834
9839
9841
9847
9855
9856
9858
9862
9863
9864
9865
9866
9872
9878
9881
9882
9887
9890
9894
9899
9902
9904
9905
9906
9910
9911
9912
9914
9915
9917
9918
9919
9920
9922
9933
9938
9944
9951
9952
9953
9959
9967
9972
9978
9980
9983
9984
9985
9987
9988
9992
9994
10007
10008
10009
10013
10014
10015
10017
10022
10023
10026
10027
10031
10040
10044
10046
10047
10049
10056
10059
10062
10063
10064
10066
10069
10076
10078
10080
10085
10088
10090
10096
10103
10115
10121
10124
10128
10134
10143
10145
10146
10148
10151
10154
10155
10157
10158
10160
10163
10167
10172
10184
10191
10193
10195
10196
10197
10198
10202
10206
10207
10208
10210
10216
10219
10223
10224
10225
10233
10235
10244
10250
10254
10262
10263
10266
10268
10269
10270
10273
10274
10278
10279
10281
10287
10290
10291
10293
10294
10295
10311
10314
10318
10320
10322
10330
10331
10334
10335
10337
10338
10339
10341
10343
10346
10352
10355
10359
10363
10364
10368
10369
10372
10373
10374
10375
10378
10379
10380
10381
10383
10388
10389
10392
10394
10399
10400
10404
10406
10410
10412
10413
10414
10415
10427
10428
10434
10438
10442
10445
10446
10454
10455
10456
10462
10463
10468
10471
10474
10477
10485
10487
10488
10496
10499
10506
10509
10510
10514
10516
10517
10519
10524
10525
10530
10535
10538
10553
10556
10560
10564
10565
10566
10568
10569
10570
10576
10594
10602
10604
10607
10608
10612
10613
10614
10615
10618
10621
10623
10626
10636
10648
10650
10653
10657
10659
10660
10662
10663
10666
10668
10674
10679
10686
10696
10698
10699
10700
10702
10707
10709
10710
10712
10713
10715
10717
10722
10723
10728
10730
10733
10734
10744
10747
10757
10758
10760
10761
10768
10773
10781
10782
10788
10792
10797
10799
10800
10801
10803
10804
10809
10810
10812
10813
10815
10817
10818
10822
10824
10826
10828
10833
10835
10836
10837
10838
10842
10844
10845
10847
10851
10852
10856
10862
10863
10866
10869
10877
10880
10882
10884
10885
10887
10888
10889
10893
10894
10896
10902
10907
10912
10915
10916
10917
10918
10919
10928
10930
10938
10940
10944
10946
10950
10951
10956
10959
10969
10971
10973
10974
10979
10987
10990
10993
11001
11004
11005
11006
11007
11009
11010
11015
11017
11022
11026
11027
11028
11034
11039
11045
11046
11056
11058
11063
11068
11070
11071
11072
11074
11076
11077
11079
11087
11088
11090
11094
11095
11096
11100
11101
11103
11106
11107
11110
11111
11116
11118
11119
11120
11122
11127
11129
11135
11138
11139
11144
11145
11164
11165
11181
11191
11201
11202
11206
11207
11210
11213
11215
11219
11228
11231
11238
11240
11242
11246
11247
11256
11257
11258
11263
11265
11266
11273
11285
11290
11292
11308
11310
11314
11317
11319
11322
11328
11329
11335
11344
11352
11356
11363
11368
11377
11380
11385
11387
11388
11394
11397
11400
11401
11404
11409
11416
11417
11420
11427
11433
11435
11446
11450
11451
11454
11458
11459
11460
11471
11472
11473
11475
11479
11480
11484
11486
11487
11490
11494
11496
11497
11500
11501
11503
11505
11507
11511
11512
11514
11515
11516
11518
11522
11523
11529
11533
11534
11535
11539
11541
11548
11549
11554
11556
11557
11559
11561
11562
11570
11571
11573
11574
11579
11587
11589
11591
11593
11600
11602
11603
11604
11606
11609
11613
11617
11619
11621
11625
11626
11633
11635
11636
11641
11644
11647
11648
11652
11653
11656
11657
11658
11659
11660
11664
11665
11672
11679
11690
11700
11707
11708
11709
11711
11714
11717
11722
11723
11728
11729
11739
11740
11744
11746
11747
11749
11750
11759
11760
11761
11762
11763
11766
11768
11771
11772
11774
11780
11783
11787
11788
11790
11795
11796
11798
11800
11804
11805
11806
11808
11813
11822
11824
11830
11832
11833
11836
11839
11840
11844
11845
11846
11854
11855
11856
11858
11859
11862
11864
11876
11881
11882
11885
11886
11887
11888
11893
11895
11896
11898
11900
11902
11905
11908
11912
11913
11914
11915
11917
11921
11922
11923
11924
11927
11931
11935
11938
11939
11943
11948
11951
11952
11956
11958
11965
11968
11969
11970
11976
11983
11985
11987
11988
11989
12001
12007
12008
12010
12011
12014
12016
12017
12020
12022
12024
12026
12027
12035
12036
12038
12039
12044
12045
12047
12048
12049
12052
12053
12054
12056
12057
12060
12064
12065
12066
12072
12073
12077
12078
12079
12080
12082
12092
12094
12099
12100
12107
12112
12115
12117
12118
12123
12124
12125
12126
12131
12135
12136
12138
12139
12140
12143
12145
12153
12154
12155
12157
12165
12175
12176
12181
12185
12188
12190
12194
12195
12197
12200
12204
12211
12213
12227
12228
12230
12233
12234
12237
12240
12243
12249
12254
12263
12265
12268
12269
12274
12276
12277
12283
12285
12295
12301
12302
12303
12304
12305
12306
12307
12308
12309
12312
12318
12319
12322
12323
12327
12333
12338
12339
12340
12342
12346
12356
12358
12359
12363
12364
12366
12367
12368
12371
12375
12380
12381
12383
12399
12402
12405
12407
12410
12414
12416
12419
12420
12421
12422
12424
12425
12426
12430
12442
12444
12451
12460
12463
12464
12469
12470
12473
12480
12481
12482
12485
12490
12491
12492
12495
12499
12500
12507
12508
12510
12513
12521
12523
12526
12532
12533
12554
12556
12561
12563
12566
12574
12576
12577
12583
12584
12585
12586
12590
12591
12592
12594
12599
12602
12603
12608
12615
12622
12624
12632
12637
12644
12646
12651
12657
12660
12661
12662
12664
12666
12668
12669
12673
12675
12683
12686
12689
12691
12698
12699
12703
12710
12717
12721
12729
12735
12738
12739
12741
12749
12754
12759
12767
12768
12769
12771
12778
12785
12789
12790
12793
12796
12798
12803
12805
12807
12808
12822
12827
12832
12833
12836
12842
12844
12846
12850
12853
12856
12857
12861
12868
12870
12871
12872
12879
12880
12882
12891
12893
12895
12898
12899
12901
12904
12906
12908
12909
12914
12916
12917
12918
12920
12921
12923
12925
12928
12930
12931
12933
12934
12938
12940
12941
12947
12954
12966
12971
12974
12976
12979
12983
12984
12985
12988
12989
12993
12994
12997
13000
13001
13002
13006
13010
13011
13013
13015
13016
13022
13027
13028
13030
13032
13033
13034
13036
13037
13039
13040
13041
13046
13050
13054
13056
13057
13060
13062
13065
13067
13068
13074
13082
13083
13088
13090
13094
13104
13105
13107
13110
13111
13116
13117
13118
13119
13121
13124
13126
13127
13128
13130
13133
13135
13137
13142
13143
13145
13147
13149
13150
13152
13153
13154
13160
13161
13162
13166
13167
13169
13172
13177
13179
13180
13181
13182
13186
13193
13201
13206
13210
13211
13217
13218
13221
13224
13229
13231
13235
13236
13238
13240
13242
13243
13245
13249
13259
13261
13263
13264
13265
13270
13277
13278
13282
13283
13291
13295
13296
13297
13300
13302
13311
13313
13316
13317
13326
13328
13329
13330
13334
13336
13338
13342
13344
13346
13348
13357
13361
13362
13364
13365
13366
13371
13374
13375
13376
13377
13379
13380
13384
13390
13394
13395
13396
13397
13400
13401
13404
13405
13408
13409
13410
13413
13415
13418
13419
13421
13426
13427
13429
13434
13436
13437
13439
13441
13443
13446
13454
13457
13459
13468
13470
13472
13474
13475
13477
13479
13480
13482
13485
13489
13493
13497
13500
13504
13505
13508
13510
13512
13514
13516
13518
13521
13522
13523
13527
13529
13536
13537
13538
13539
13540
13541
13545
13547
13551
13555
13556
13558
13559
13563
13566
13567
13568
13570
13573
13576
13577
13579
13582
13584
13590
13592
13593
13595
13596
13597
13600
13605
13606
13608
13609
13614
13616
13617
13622
13624
13627
13628
13631
13632
13635
13637
13639
13640
13641
13642
13646
13647
13649
13651
13652
13657
13660
13663
13664
13667
13668
13671
13673
13674
13679
13684
13685
13686
13687
13689
13691
13692
13696
13698
13699
13700
13702
13703
13706
13711
13715
13716
13722
13723
13725
13728
13729
13733
13734
13739
13740
13741
13743
13744
13748
13749
13751
13755
13757
13758
13761
13762
13765
13766
13768
13769
13770
13771
13773
13778
13781
13782
13788
13792
13793
13794
13795
13799
13802
13805
13808
13809
13810
13811
13814
13815
13819
13821
13825
13827
13828
13829
13830
13833
13836
13837
13841
13842
13843
13845
13847
13851
13857
13860
13862
13864
13869
13870
13874
13877
13881
13882
13884
13886
13888
13889
13894
13895
13896
13899
13900
13901
13903
13909
13910
13911
13913
13914
13916
13917
13918
13920
13923
13924
13927
13929
13930
13933
13941
13943
13945
13949
13955
13956
13961
13963
13965
13968
13970
13976
13977
13978
13979
13982
13986
13989
13991
13992
13995
13996
13997
13999
14000
14007
14018
14024
14026
14031
14032
14033
14037
14039
14050
14052
14054
14057
14060
14061
14066
14073
14077
14083
14088
14091
14102
14104
14105
14108
14109
14110
14113
14116
14119
14124
14130
14131
14132
14133
14136
14142
14146
14150
14151
14153
14155
14157
14158
14159
14165
14167
14168
14174
14177
14181
14182
14183
14184
14186
14188
14189
14190
14192
14196
14198
14203
14204
14208
14211
14216
14217
14221
14224
14230
14233
14235
14241
14242
14244
14249
14251
14253
14254
14255
14260
14264
14268
14270
14272
14276
14277
14283
14285
14287
14293
14294
14298
14301
14306
14308
14309
14312
14313
14317
14318
14319
14320
14321
14322
14332
14333
14337
14346
14349
14360
14366
14367
14371
14376
14379
14381
14383
14391
14397
14402
14403
14406
14410
14412
14416
14418
14423
14424
14429
14433
14443
14448
14449
14451
14453
14454
14457
14460
14463
14465
14469
14477
14479
14480
14483
14485
14489
14491
14493
14495
14496
14498
14499
14501
14506
14510
14513
14515
14520
14527
14528
14529
14530
14531
14532
14540
14545
14546
14548
14549
14552
14556
14564
14565
14567
14576
14577
14578
14579
14582
14585
14589
14601
14603
14604
14605
14612
14613
14616
14623
14626
14627
14631
14639
14643
14644
14645
14651
14660
14663
14665
14671
14674
14675
14676
14678
14680
14684
14686
14690
14693
14696
14698
14703
14709
14710
14717
14718
14722
14725
14733
14734
14735
14737
14743
14750
14756
14760
14761
14765
14772
14777
14778
14780
14781
14783
14784
14786
14789
14790
14791
14797
14803
14804
14805
14807
14809
14810
14812
14814
14817
14819
14820
14823
14833
14835
14837
14839
14840
14841
14843
14845
14847
14849
14851
14856
14859
14862
14868
14875
14877
14878
14879
14881
14893
14894
14895
14900
14902
14908
14913
14915
14918
14920
14926
14927
14928
14931
14932
14933
14935
14936
14937
14940
14943
14945
14947
14948
14949
14957
14969
14974
14976
14979
14987
14991
14993
14994
14995
14999
15001
15004
15007
15010
15013
15015
15016
15018
15019
15025
15031
15032
15034
15035
15044
15048
15049
15053
15059
15061
15066
15067
15072
15079
15080
15081
15084
15099
15104
15105
15109
15110
15111
15116
15118
15124
15128
15130
15132
15141
15144
15146
15148
15149
15159
15161
15165
15167
15170
15173
15177
15178
15186
15191
15192
15196
15197
15200
15203
15204
15206
15208
15209
15212
15222
15228
15229
15230
15231
15232
15235
15236
15237
15240
15245
15247
15249
15252
15253
15257
15260
15261
15263
15265
15272
15273
15278
15279
15281
15283
15286
15287
15288
15289
15290
15295
15298
15304
15306
15314
15315
15318
15319
15322
15325
15326
15329
15333
15341
15342
15343
15349
15350
15351
15354
15369
15373
15374
15375
15378
15384
15387
15391
15396
15397
15399
15400
15402
15403
15407
15413
15414
15418
15419
15421
15422
15425
15426
15429
15430
15432
15438
15439
15441
15447
15448
15450
15456
15463
15465
15466
15467
15468
15469
15471
15474
15478
15480
15481
15482
15483
15490
15491
15492
15508
15509
15519
15527
15530
15535
15540
15544
15546
15548
15549
15552
15555
15556
15557
15558
15560
15570
15571
15572
15576
15579
15582
15589
15603
15604
15606
15609
15610
15611
15617
15623
15628
15631
15632
15635
15636
15637
15638
15640
15644
15647
15651
15652
15653
15655
15656
15657
15659
15666
15667
15670
15673
15675
15678
15681
15688
15689
15690
15693
15694
15697
15702
15706
15709
15712
15714
15715
15716
15719
15722
15727
15730
15733
15739
15747
15750
15751
15755
15756
15758
15766
15767
15770
15772
15773
15778
15783
15789
15794
15795
15798
15803
15811
15812
15820
15824
15825
15827
15828
15831
15832
15834
15836
15839
15840
15848
15851
15854
15859
15867
15871
15874
15875
15878
15883
15889
15892
15895
15902
15904
15905
15907
15909
15911
15915
15919
15929
15932
15944
15948
15950
15955
15956
15963
15965
15980
15986
15987
15992
15998
15999
16001
16007
16010
16020
16021
16023
16026
16027
16029
16033
16040
16045
16048
16054
16059
16062
16069
16073
16075
16077
16079
16086
16087
16090
16093
16099
16106
16111
16122
16138
16150
16163
16172
16175
16182
16185
16188
16192
16194
16200
16204
16215
16220
16223
16227
16230
16240
16241
16244
16246
16248
16255
16259
16265
16266
16267
16270
16271
16276
16283
16286
16287
16291
16295
16298
16299
16300
16312
16315
16316
16317
16318
16319
16322
16324
16332
16342
16343
16345
16347
16351
16352
16355
16362
16365
16374
16375
16378
16379
16382
16387
16391
16399
16400
16409
16412
16416
16417
16418
16422
16423
16426
16428
16429
16430
16434
16436
16437
16441
16444
16445
16448
16454
16456
16458
16459
16470
16477
16484
16491
16494
16495
16505
16507
16512
16513
16518
16519
16520
16521
16522
16523
16532
16540
16545
16546
16549
16555
16559
16563
16565
16569
16572
16576
16577
16583
16584
16585
16587
16588
16589
16590
16596
16599
16600
16601
16606
16609
16611
16615
16619
16621
16632
16634
16635
16639
16645
16646
16650
16652
16655
16662
16663
16665
16670
16675
16681
16683
16690
16693
16697
16698
16723
16728
16733
16735
16738
16742
16743
16745
16746
16749
16753
16755
16759
16760
16762
16784
16792
16793
16804
16806
16810
16820
16824
16827
16830
16831
16837
16839
16841
16843
16847
16848
16849
16850
16854
16856
16858
16863
16868
16871
16873
16875
16876
16888
16891
16897
16899
16902
16913
16914
16917
16918
16922
16927
16930
16935
16936
16940
16946
16949
16951
16953
16956
16967
16971
16973
16974
16978
16987
16998
17007
17014
17024
17025
17029
17031
17044
17048
17053
17054
17057
17059
17060
17062
17063
17064
17066
17073
17077
17080
17090
17096
17097
17102
17104
17107
17115
17123
17125
17127
17130
17131
17134
17138
17146
17148
17150
17155
17162
17165
17171
17177
17184
17189
17191
17195
17205
17207
17210
17221
17227
17231
17236
17246
17254
17256
17266
17270
17274
17275
17277
17280
17281
17288
17289
17290
17292
17296
17297
17299
17300
17305
17313
17314
17317
17319
17328
17335
17338
17339
17351
17352
17353
17356
17359
17361
17368
17371
17374
17379
17383
17396
17405
17413
17414
17421
17424
17425
17431
17434
17435
17439
17450
17453
17455
17457
17458
17461
17464
17468
17474
17478
17479
17483
17491
17494
17496
17498
17502
17503
17504
17505
17506
17507
17508
17510
17511
17519
17524
17531
17532
17535
17542
17544
17545
17551
17552
17558
17567
17570
17572
17582
17590
17594
17597
17598
17601
17604
17609
17610
17611
17614
17621
17627
17628
17630
17635
17637
17642
17643
17647
17648
17653
17654
17656
17658
17661
17664
17665
17667
17670
17680
17684
17687
17690
17693
17697
17703
17706
17713
17723
17729
17738
17748
17750
17753
17760
17765
17777
17778
17787
17789
17795
17805
17813
17816
17819
17822
17834
17848
17853
17856
17857
17858
17864
17866
17867
17872
17874
17876
17877
17879
17882
17883
17886
17887
17893
17898
17900
17907
17908
17912
17919
17920
17921
17926
17933
17936
17937
17938
17952
17964
17965
17967
17968
17969
17972
17979
17985
17986
17992
18002
18004
18012
18022
18025
18028
18030
18032
18034
18046
18052
18057
18069
18074
18080
18085
18093
18095
18099
18100
18103
18113
18122
18123
18125
18128
18135
18141
18144
18146
18147
18158
18160
18167
18175
18179
18184
18189
18191
18194
18212
18215
18217
18225
18239
18240
18242
18243
18246
18249
18254
18257
18259
18265
18285
18288
18295
18299
18315
18317
18326
18334
18339
18342
18343
18352
18356
18357
18361
18371
18377
18383
18393
18396
18424
18425
18426
18428
18429
18431
18432
18434
18435
18438
18439
18441
18449
18450
18455
18457
18464
18465
18468
18475
18483
18485
18494
18503
18513
18517
18521
18522
18524
18537
18552
18555
18558
18562
18565
18579
18584
18589
18594
18600
18605
18615
18617
18619
18620
18621
18624
18628
18630
18638
18643
18646
18667
18673
18677
18678
18695
18698
18702
18712
18714
18717
18718
18721
18729
18734
18750
18751
18755
18763
18765
18771
18778
18779
18790
18791
18796
18797
18801
18803
18811
18812
18822
18830
18831
18833
18837
18838
18849
18850
18851
18853
18869
18876
18880
18886
18898
18900
18910
18918
18930
18936
18941
18943
18947
18956
18957
18959
18961
18964
18972
18974
18975
18980
18985
18993
19006
19007
19013
19028
19035
19036
19063
19068
19074
19078
19081
19082
19085
19087
19090
19093
19100
19103
19107
19108
19109
19117
19118
19121
19124
19132
19133
19138
19139
19145
19149
19157
19159
19164
19167
19168
19172
19173
19177
19184
19186
19188
19195
19202
19205
19207
19214
19232
19241
19245
19250
19254
19258
19260
19276
19282
19284
19285
19289
19291
19294
19295
19296
19300
19305
19310
19311
19312
19317
19319
19329
19331
19333
19337
19339
19340
19342
19344
19345
19348
19356
19363
19368
19371
19383
19387
19388
19389
19392
19395
19396
19397
19410
19416
19417
19418
19423
19426
19432
19437
19439
19440
19442
19443
19456
19460
19461
19464
19468
19470
19471
19481
19483
19486
19489
19492
19494
19496
19497
19498
19504
19508
19509
19510
19512
19513
19517
19523
19536
19538
19551
19554
19557
19559
19561
19565
19566
19572
19577
19579
19580
19584
19586
19589
19593
19596
19599
19614
19622
19623
19624
19625
19627
19628
19629
19630
19635
19638
19640
19645
19647
19649
19652
19653
19656
19658
19659
19661
19662
19666
19668
19672
19673
19677
19679
19681
19682
19686
19687
19691
19692
19695
19698
19699
19700
19711
19717
19718
19719
19720
19722
19724
19725
19731
19737
19740
19741
19743
19744
19747
19749
19751
19752
19764
19767
19771
19776
19778
19782
19784
19793
19794
19809
19816
19821
19823
19825
19826
19828
19831
19832
19836
19846
19851
19857
19866
19867
19872
19876
19877
19878
19881
19882
19886
19887
19889
19892
19893
19894
19908
19910
19912
19915
19921
19922
19930
19931
19932
19935
19937
19938
19947
19948
19951
19957
19958
19960
19961
19962
19966
19967
19968
19971
19972
19974
19978
19980
19983
19989
19990
19993
19996
20003
20006
20008
20012
20013
20016
20018
20031
20035
20036
20043
20049
20050
20051
20059
20065
20068
20075
20077
20079
20080
20087
20089
20091
20092
20093
20097
20098
20103
20107
20109
20112
20113
20123
20125
20127
20128
20133
20144
20145
20151
20153
20154
20155
20158
20159
20165
20167
20182
20191
20197
20198
20200
20201
20212
20216
20224
20225
20226
20228
20238
20239
20245
20248
20250
20251
20254
20259
20261
20263
20265
20271
20272
20280
20283
20288
20294
20295
20296
20300
20305
20312
20315
20317
20323
20324
20326
20327
20329
20330
20334
20336
20341
20343
20345
20349
20350
20355
20357
20359
20360
20363
20364
20365
20374
20376
20379
20382
20384
20394
20395
20397
20403
20410
20411
20413
20416
20419
20421
20425
20426
20431
20432
20433
20434
20436
20442
20444
20448
20454
20455
20460
20465
20466
20468
20477
20478
20481
20482
20488
20496
20497
20498
20499
20500
20502
20503
20505
20510
20511
20533
20539
20540
20544
20546
20549
20550
20554
20555
20557
20562
20564
20565
20566
20567
20568
20573
20580
20582
20586
20588
20592
20594
20601
20610
20611
20618
20623
20624
20627
20629
20631
20634
20635
20641
20644
20645
20648
20649
20655
20658
20672
20675
20678
20682
20684
20686
20689
20690
20692
20693
20697
20706
20707
20711
20713
20715
20717
20721
20744
20746
20749
20753
20755
20759
20761
20763
20764
20769
20770
20771
20772
20775
20780
20781
20783
20787
20788
20790
20791
20792
20793
20794
20796
20797
20799
20800
20801
20804
20805
20808
20809
20811
20813
20820
20821
20826
20827
20828
20830
20831
20832
20835
20838
20841
20843
20846
20848
20849
20850
20855
20856
20857
20858
20866
20867
20870
20875
20876
20883
20884
20887
20889
20890
20898
20902
20904
20905
20912
20913
20916
20926
20932
20934
20935
20938
20942
20943
20947
20948
20951
20954
20957
20959
20961
20965
20980
20981
20982
20983
20992
20994
20997
20999
21001
21002
21003
21008
21009
21010
21013
21016
21024
21032
21033
21034
21037
21041
21042
21045
21048
21053
21057
21059
21060
21063
21065
21069
21070
21072
21074
21078
21082
21083
21089
21096
21097
21100
21101
21103
21104
21105
21106
21107
21109
21110
21112
21115
21120
21123
21125
21128
21129
21130
21137
21138
21139
21148
21152
21154
21156
21159
21161
21164
21168
21176
21178
21179
21180
21181
21183
21187
21188
21190
21194
21196
21200
21202
21205
21219
21220
21222
21231
21247
21249
21256
21263
21267
21268
21273
21274
21275
21278
21279
21288
21290
21294
21296
21306
21308
21315
21322
21324
21325
21326
21328
21329
21330
21331
21332
21334
21337
21339
21340
21344
21345
21348
21352
21356
21359
21360
21362
21365
21376
21380
21381
21388
21389
21391
21393
21397
21403
21408
21422
21425
21433
21434
21435
21438
21443
21447
21450
21455
21461
21465
21466
21469
21472
21473
21474
21475
21476
21478
21479
21483
21484
21487
21488
21489
21491
21492
21493
21496
21497
21498
21499
21502
21504
21505
21507
21512
21517
21519
21525
21529
21530
21532
21533
21535
21541
21542
21548
21550
21551
21562
21566
21569
21570
21579
21583
21585
21587
21588
21589
21591
21593
21594
21595
21596
21597
21598
21599
21600
21603
21607
21608
21610
21612
21613
21614
21617
21619
21620
21622
21623
21631
21632
21637
21639
21641
21642
21645
21648
21652
21653
21656
21657
21658
21662
21664
21667
21672
21674
21675
21677
21681
21687
21691
21692
21693
21695
21698
21700
21702
21705
21707
21717
21718
21719
21721
21724
21727
21730
21731
21733
21740
21742
21746
21747
21754
21756
21757
21759
21760
21763
21767
21771
21772
21774
21776
21778
21779
21780
21781
21782
21784
21791
21795
21796
21799
21800
21805
21806
21809
21815
21820
21822
21828
21834
21835
21839
21848
21852
21856
21857
21869
21871
21878
21883
21884
21888
21891
21892
21896
21902
21906
21914
21917
21924
21926
21928
21929
21931
21941
21945
21948
21950
21953
21958
21964
21967
21981
21985
21988
21991
21994
21998
22003
22006
22012
22018
22023
22026
22034
22037
22039
22040
22041
22046
22048
22057
22063
22069
22075
22081
22082
22084
22086
22096
22110
22112
22116
22117
22118
22119
22123
22132
22136
22155
22156
22162
22163
22167
22171
22177
22187
22189
22192
22199
22203
22205
22222
22225
22227
22229
22240
22242
22246
22251
22266
22269
22273
22276
22282
22285
22295
22314
22319
22325
22331
22336
22339
22342
22354
22358
22365
22367
22373
22375
22384
22385
22388
22390
22395
22401
22405
22408
22409
22413
22416
22424
22425
22427
22433
22436
22450
22454
22457
22459
22469
22471
22482
22490
22495
22498
22505
22514
22516
22517
22518
22523
22529
22530
22532
22547
22557
22560
22564
22570
22572
22579
22613
22614
22615
22618
22623
22625
22638
22643
22648
22650
22658
22662
22668
22672
22673
22681
22687
22698
22699
22727
22732
22742
22747
22749
22761
22762
22764
22778
22783
22786
22793
22805
22806
22810
22813
22814
22826
22848
22854
22859
22874
22878
22881
22884
22893
22896
22905
22918
22922
22923
22924
22928
22939
22941
22951
22953
22962
22965
22969
22971
22976
22983
22990
22993
22997
22998
22999
23001
23006
23009
23010
23012
23013
23015
23019
23033
23037
23039
23040
23041
23045
23049
23051
23061
23068
23071
23082
23084
23103
23111
23115
23116
23127
23128
23148
23151
23157
23159
23183
23187
23195
23201
23207
23213
23214
23216
23222
23229
23240
23269
23270
23281
23282
23287
23288
23294
23295
23313
23315
23329
23348
23354
23359
23363
23380
23385
23386
23414
23422
23447
23457
23480
23481
23486
23487
23502
23503
23505
23509
23514
23517
23518
23535
23538
23541
23560
23561
23564
23591
23597
23603
23605
23608
23631
23633
23642
23643
23659
23675
23684
23707
23709
23714
23724
23727
23733
23735
23760
23763
23771
23773
23788
23791
23797
23800
23804
23816
23827
23829
23834
23847
23853
23868
23871
23873
23902
23903
23904
23914
23918
23923
23929
23934
23965
23984
23990
23991
23992
23997
24000
24003
24004
24018
24034
24037
24039
24046
24050
24066
24070
24075
24079
24082
24089
24096
24103
24104
24108
24109
24112
24125
24132
24138
24145
24158
24180
24182
24185
24193
24194
24206
24229
24240
24242
24261
24278
24311
24315
24326
24340
24344
24381
24400
24423
24425
24434
24441
24456
24461
24463
24469
24471
24486
24524
24529
24561
24563
24566
24567
24598
24600
24616
24627
24639
24643
24655
24656
24660
24666
24687
24688
24697
24699
24710
24711
24713
24714
24730
24735
24739
24751
24755
24787
24793
24797
24808
24810
24817
24822
24830
24834
24879
24881
24887
24908
24919
24921
24922
24940
24946
24950
24955
24958
25001
25008
25019
25027
25034
25047
25051
25058
25059
25071
25076
25078
25082
25097
25099
25109
25111
25137
25139
25148
25155
25156
25169
25175
25181
25210
25224
25227
25228
25267
25268
25273
25281
25300
25311
25315
25316
25343
25358
25370
25375
25393
25434
25478
25520
25525
25536
25538
25549
25555
25556
25571
25578
25599
25611
25615
25619
25633
25638
25661
25672
25679
25681
25686
25694
25699
25702
25706
25710
25737
25754
25758
25779
25781
25789
25793
25825
25857
25860
25876
25879
25881
25882
25884
25890
25893
25912
25930
25943
25946
25960
25989
25994
26004
26012
26019
26022
26024
26031
26052
26054
26078
26111
26126
26186
26222
26250
26257
26267
26284
26337
26361
26393
26398
26427
26437
26438
26442
26445
26446
26451
26456
26472
26476
26485
26491
26493
26497
26502
26503
26506
26508
26511
26682
26703
26712
26719
26752
26760
26778
26805
26806
26815
26825
26829
26835
26841
26847
26856
26857
26859
26878
26883
26906
26908
26919
26930
26964
26974
26981
27004
27009
27017
27023
27027
27035
27047
27055
27063
27114
27146
27150
27173
27191
27241
27278
27289
27332
27342
27361
27382
27391
27400
27423
27427
27435
27452
27457
27462
27463
27465
27484
27571
27575
27602
27618
27631
27652
27717
27776
27793
27838
27854
27857
27858
27860
27872
27879
27904
27905
27921
27938
27959
28044
28047
28096
28116
28132
28157
28177
28204
28206
28247
28254
28265
28319
28387
28389
28398
28404
28417
28422
28443
28444
28479
28507
28542
28543
28550
28551
28567
28571
28585
28596
28601
28606
28611
28615
28627
28636
28644
28662
28687
28693
28696
28701
28728
28746
28748
28759
28763
28832
28861
28863
28878
28905
28912
28938
28940
28962
28965
29006
29009
29014
29017
29024
29048
29051
29054
29074
29081
29082
29083
29086
29090
29123
29127
29140
29146
29168
29192
29194
29212
29217
29223
29224
29241
29256
29272
29276
29277
29288
29302
29337
29352
29367
29371
29424
29425
29426
29442
29454
29467
29472
29489
29491
29497
29498
29501
29506
29513
29516
29517
29543
29550
29565
29580
29583
29601
29607
29608
29620
29649
29659
29670
29684
29708
29715
29716
29721
29726
29730
29757
29764
29769
29784
29795
29862
29865
29867
29886
29923
29961
29969
29972
29991
30016
30032
30033
30042
30046
30048
30083
30091
30098
30100
30124
30133
30137
30139
30154
30164
30169
30184
30187
30192
30195
30198
30205
30214
30215
30219
30239
30240
30242
30243
30249
30260
30293
30296
30302
30322
30326
30330
30337
30356
30358
30373
30375
30401
30403
30423
30425
30426
30428
30439
30443
30451
30467
30469
30470
30474
30491
30496
30500
30502
30503
30526
30539
30546
30563
30567
30569
30572
30575
30577
30583
30589
30596
30598
30610
30611
30626
30653
30661
30664
30666
30672
30675
30690
30691
30697
30709
30713
30720
30733
30747
30777
30788
30794
30795
30807
30809
30815
30827
30834
30843
30847
30854
30860
30861
30865
30868
30870
30876
30881
30888
30910
30917
30928
30935
30943
30944
30948
30951
30954
30957
30959
30966
30968
30980
30987
30990
30998
31002
31019
31034
31035
31036
31044
31046
31054
31058
31059
31064
31068
31069
31071
31075
31076
31082
31094
31095
31100
31108
31112
31125
31127
31128
31130
31131
31134
31141
31143
31146
31150
31154
31156
31158
31169
31170
31184
31200
31201
31220
31223
31235
31237
31238
31241
31259
31262
31265
31268
31271
31273
31275
31276
31277
31280
31282
31284
31289
31302
31303
31304
31306
31313
31314
31321
31340
31341
31346
31347
31349
31350
31351
31353
31357
31366
31381
31382
31388
31393
31396
31397
31404
31405
31410
31418
31423
31440
31442
31445
31456
31464
31466
31467
31470
31472
31494
31497
31500
31501
31509
31512
31520
31528
31536
31539
31548
31551
31557
31559
31560
31566
31571
31573
31578
31579
31582
31593
31610
31615
31618
31619
31630
31631
31640
31642
31644
31649
31650
31653
31667
31675
31676
31694
31696
31701
31710
31713
31717
31719
31727
31744
31751
31757
31777
31780
31784
31785
31788
31789
31792
31795
31800
31802
31806
31816
31828
31843
31852
31856
31861
31869
31886
31891
31892
31898
31899
31914
31916
31921
31937
31954
31968
31972
31973
31979
31992
32003
32004
32005
32007
32010
32020
32029
32032
32033
32035
32038
32048
32054
32062
32066
32073
32085
32093
32100
32102
32105
32110
32115
32116
32118
32120
32127
32128
32130
32131
32132
32142
32144
32150
32165
32171
32173
32179
32181
32182
32192
32194
32197
32198
32200
32203
32205
32212
32221
32227
32231
32237
32241
32243
32246
32250
32257
32266
32270
32276
32282
32297
32298
32302
32315
32318
32319
32321
32323
32328
32334
32337
32347
32348
32353
32355
32356
32364
32371
32378
32380
32382
32384
32386
32396
32401
32406
32407
32410
32412
32413
32422
32430
32432
32433
32434
32439
32440
32443
32447
32450
32451
32454
32455
32456
32459
32460
32461
32464
32465
32466
32476
32478
32482
32483
32489
32491
32494
32495
32497
32499
32501
32502
32503
32512
32517
32518
32519
32520
32523
32524
32529
32530
32537
32539
32540
32546
32550
32552
32553
32555
32558
32559
32563
32566
32568
32569
32570
32571
32577
32578
32580
32584
32585
32586
32593
32597
32600
32601
32604
32607
32610
32615
32616
32620
32625
32628
32633
32634
32642
32647
32649
32652
32659
32667
32670
32674
32678
32681
32685
32687
32688
32694
32698
32703
32717
32718
32719
32720
32723
32724
32725
32726
32731
32737
32738
32740
32741
32744
32745
32747
32753
32755
32759
32763
32765
32770
32771
32774
32775
32782
32785
32787
32790
32792
32794
32795
32797
32801
32804
32808
32809
32810
32811
32812
32813
32817
32818
32820
32822
32824
32825
32826
32827
32829
32837
32842
32844
32845
32846
32850
32853
32855
32856
32858
32860
32862
32865
32867
32868
32875
32891
32892
32897
32898
32901
32903
32904
32906
32908
32913
32914
32916
32922
32924
32925
32929
32930
32933
32935
32937
32938
32942
32943
32945
32946
32947
32951
32952
32954
32955
32956
32957
32959
32969
32970
32974
32976
32979
32985
32988
32990
32992
32996
33000
33001
33003
33019
33020
33023
33025
33030
33031
33038
33039
33043
33055
33056
33061
33062
33064
33067
33070
33071
33086
33088
33089
33091
33094
33095
33098
33099
33102
33105
33107
33108
33110
33122
33124
33126
33128
33131
33143
33144
33145
33148
33149
33163
33169
33176
33180
33182
33188
33189
33192
33193
33199
33201
33204
33207
33209
33214
33217
33222
33226
33229
33234
33235
33237
33242
33244
33245
33247
33253
33261
33262
33266
33268
33272
33273
33274
33275
33277
33278
33281
33284
33293
33296
33298
33300
33305
33312
33318
33321
33325
33329
33331
33334
33337
33340
33346
33353
33363
33367
33368
33371
33372
33373
33374
33375
33377
33385
33386
33393
33397
33400
33414
33415
33416
33424
33425
33428
33433
33438
33440
33443
33445
33447
33453
33456
33457
33466
33467
33469
33471
33477
33478
33479
33480
33489
33494
33496
33497
33501
33503
33511
33519
33520
33521
33523
33527
33530
33531
33533
33534
33539
33541
33542
33544
33549
33551
33553
33555
33564
33574
33575
33577
33587
33590
33593
33599
33601
33607
33608
33614
33617
33619
33632
33633
33635
33639
33641
33644
33647
33651
33652
33656
33657
33661
33662
33667
33672
33673
33674
33675
33677
33679
33680
33681
33685
33689
33692
33693
33699
33703
33704
33707
33709
33710
33711
33716
33717
33722
33731
33741
33742
33743
33744
33752
33757
33758
33760
33761
33762
33763
33764
33766
33768
33770
33778
33785
33786
33789
33795
33796
33798
33800
33811
33812
33815
33826
33828
33830
33834
33835
33837
33838
33839
33841
33849
33852
33856
33858
33863
33868
33870
33873
33875
33876
33879
33882
33884
33889
33891
33893
33898
33901
33902
33907
33908
33911
33914
33918
33919
33920
33921
33924
33926
33927
33943
33944
33946
33952
33956
33957
33961
33967
33970
33973
33976
33978
33983
33988
33993
33996
33999
34015
34016
34017
34025
34035
34041
34049
34056
34069
34073
34075
34080
34092
34097
34099
34107
34114
34115
34117
34120
34122
34123
34136
34138
34144
34146
34147
34150
34152
34157
34160
34162
34163
34164
34168
34169
34174
34181
34182
34188
34190
34195
34198
34206
34207
34208
34217
34223
34228
34242
34243
34245
34246
34248
34252
34256
34263
34276
34281
34288
34296
34299
34300
34301
34305
34306
34310
34321
34322
34326
34328
34329
34331
34333
34334
34341
34350
34351
34352
34357
34359
34360
34363
34365
34374
34378
34380
34386
34392
34400
34406
34408
34411
34414
34421
34425
34431
34432
34433
34444
34451
34452
34461
34463
34478
34483
34484
34485
34490
34500
34503
34507
34520
34541
34549
34553
34554
34567
34568
34583
34588
34592
34597
34598
34599
34600
34601
34605
34611
34614
34618
34620
34621
34625
34629
34636
34643
34645
34649
34651
34652
34656
34667
34671
34674
34676
34685
34688
34689
34713
34714
34716
34718
34727
34729
34730
34737
34743
34744
34751
34752
34754
34758
34759
34769
34772
34773
34777
34778
34779
34791
34793
34799
34800
34810
34812
34813
34814
34817
34819
34822
34824
34825
34833
34839
34841
34843
34846
34857
34869
34872
34874
34877
34888
34889
34899
34900
34901
34912
34916
34918
34920
34921
34922
34924
34928
34930
34933
34935
34938
34944
34945
34954
34956
34981
34984
34986
34987
34993
34997
34998
35008
35010
35011
35013
35021
35025
35031
35032
35037
35038
35048
35056
35067
35076
35084
35085
35095
35097
35098
35101
35104
35115
35119
35126
35128
35129
35131
35138
35145
35170
35178
35185
35192
35197
35199
35209
35214
35222
35225
35228
35232
35233
35237
35241
35242
35245
35249
35253
35256
35264
35265
35272
35273
35279
35286
35288
35290
35292
35297
35303
35306
35308
35315
35316
35321
35331
35334
35336
35345
35346
35347
35350
35360
35361
35363
35364
35375
35378
35401
35411
35412
35416
35417
35432
35436
35439
35442
35445
35446
35448
35449
35450
35451
35469
35470
35478
35482
35488
35489
35501
35505
35510
35511
35514
35519
35522
35526
35527
35529
35534
35535
35539
35550
35551
35555
35558
35572
35576
35581
35589
35592
35598
35604
35607
35608
35610
35614
35621
35627
35635
35641
35642
35644
35647
35649
35659
35662
35668
35675
35677
35678
35687
35698
35704
35707
35708
35715
35721
35727
35731
35746
35756
35758
35765
35773
35775
35779
35781
35784
35789
35795
35801
35802
35812
35816
35820
35825
35834
35840
35854
35855
35864
35868
35874
35875
35876
35881
35886
35889
35898
35899
35904
35911
35914
35916
35919
35924
35927
35939
35944
35946
35947
35952
35958
35963
35965
35966
35968
35972
35978
35979
35987
35989
35992
35996
35998
36001
36003
36008
36010
36012
36013
36017
36018
36021
36022
36023
36027
36028
36032
36035
36037
36041
36046
36048
36050
36052
36053
36057
36058
36059
36060
36064
36067
36069
36075
36079
36083
36086
36090
36094
36098
36100
36106
36108
36110
36112
36115
36117
36123
36125
36128
36129
36130
36131
36135
36142
36144
36149
36151
36153
36154
36157
36170
36173
36178
36182
36189
36195
36201
36203
36215
36217
36221
36225
36234
36238
36240
36242
36248
36259
36260
36263
36266
36267
36272
36275
36276
36278
36291
36296
36311
36335
36341
36350
36352
36354
36358
36364
36368
36373
36377
36386
36390
36391
36393
36399
36400
36412
36417
36418
36419
36428
36438
36439
36442
36453
36462
36470
36479
36480
36481
36488
36489
36491
36498
36500
36501
36502
36503
36505
36508
36512
36520
36528
36529
36535
36536
36545
36553
36555
36560
36567
36568
36569
36585
36586
36589
36600
36601
36603
36610
36612
36614
36616
36622
36625
36627
36632
36633
36636
36638
36640
36643
36644
36646
36662
36672
36673
36680
36681
36686
36695
36696
36697
36700
36703
36704
36706
36711
36716
36720
36732
36736
36738
36741
36745
36746
36751
36754
36756
36757
36763
36764
36771
36772
36774
36776
36787
36795
36798
36802
36805
36806
36808
36817
36823
36827
36829
36833
36835
36838
36842
36843
36846
36853
36855
36859
36862
36864
36868
36876
36878
36882
36884
36886
36889
36890
36895
36898
36900
36903
36904
36910
36917
36919
36921
36926
36928
36930
36933
36943
36948
36949
36952
36955
36959
36964
36977
36978
36979
36992
36994
36995
36996
36999
37000
37001
37015
37021
37025
37026
37027
37033
37035
37036
37038
37040
37041
37049
37050
37054
37057
37063
37065
37067
37072
37073
37078
37089
37090
37094
37096
37098
37105
37109
37115
37116
37117
37127
37138
37147
37161
37185
37190
37192
37196
37198
37202
37206
37215
37218
37221
37222
37223
37230
37233
37234
37249
37251
37252
37253
37263
37268
37269
37271
37277
37280
37286
37289
37296
37297
37304
37311
37315
37324
37326
37327
37337
37339
37344
37352
37353
37365
37368
37375
37378
37379
37386
37392
37394
37396
37399
37413
37426
37430
37434
37435
37438
37440
37445
37464
37469
37471
37472
37478
37480
37486
37487
37488
37489
37491
37497
37499
37501
37502
37509
37512
37519
37520
37523
37530
37543
37547
37551
37568
37569
37575
37583
37587
37589
37591
37595
37599
37611
37617
37620
37621
37623
37628
37634
37639
37641
37644
37650
37657
37658
37675
37685
37686
37689
37692
37701
37702
37707
37708
37709
37711
37714
37716
37717
37718
37719
37740
37741
37743
37744
37745
37746
37759
37763
37767
37774
37780
37782
37785
37796
37804
37806
37807
37810
37818
37825
37826
37829
37830
37833
37834
37836
37843
37855
37881
37882
37893
37902
37906
37909
37910
37912
37913
37914
37916
37919
37921
37922
37923
37924
37927
37931
37935
37937
37954
37959
37968
37973
37979
37980
37982
37984
37995
38017
38020
38025
38026
38032
38043
38044
38049
38055
38062
38065
38067
38071
38086
38087
38092
38094
38095
38096
38099
38101
38105
38107
38109
38123
38125
38132
38139
38143
38145
38152
38161
38169
38170
38174
38176
38179
38192
38194
38195
38196
38200
38201
38203
38207
38213
38218
38221
38222
38223
38226
38234
38236
38248
38250
38252
38254
38255
38265
38266
38276
38277
38278
38283
38284
38290
38292
38296
38298
38301
38306
38316
38317
38327
38328
38331
38335
38348
38351
38352
38353
38363
38365
38366
38385
38391
38396
38397
38398
38406
38411
38415
38418
38422
38424
38429
38431
38435
38436
38437
38441
38443
38444
38446
38453
38463
38475
38483
38485
38487
38501
38511
38514
38518
38536
38541
38545
38548
38551
38553
38554
38558
38563
38564
38565
38573
38577
38579
38580
38584
38585
38587
38596
38602
38614
38615
38620
38624
38626
38640
38643
38652
38656
38657
38660
38667
38669
38674
38676
38677
38680
38681
38683
38697
38703
38706
38707
38709
38714
38717
38726
38729
38734
38737
38738
38739
38740
38741
38749
38753
38762
38767
38770
38775
38779
38784
38792
38794
38795
38801
38813
38820
38822
38827
38831
38834
38838
38839
38847
38848
38859
38868
38872
38874
38878
38883
38890
38892
38895
38899
38901
38905
38909
38910
38911
38917
38920
38927
38934
38937
38940
38974
38975
38979
38983
38984
38987
38989
38990
38995
38996
38997
38999
39002
39003
39015
39020
39031
39035
39037
39043
39046
39047
39049
39053
39054
39060
39063
39071
39075
39077
39078
39090
39091
39095
39096
39103
39104
39106
39110
39113
39122
39128
39129
39135
39136
39137
39168
39174
39182
39184
39201
39206
39208
39209
39212
39217
39230
39233
39234
39238
39243
39247
39253
39254
39257
39259
39276
39278
39280
39281
39282
39289
39290
39291
39295
39297
39298
39304
39309
39314
39317
39329
39330
39332
39345
39352
39356
39360
39363
39373
39374
39376
39378
39381
39384
39386
39393
39394
39396
39397
39398
39401
39408
39409
39411
39416
39426
39427
39436
39445
39451
39457
39462
39463
39464
39467
39471
39474
39478
39485
39487
39488
39489
39492
39493
39496
39499
39507
39513
39514
39515
39527
39530
39533
39534
39536
39540
39543
39561
39562
39567
39568
39570
39573
39576
39577
39578
39583
39597
39606
39609
39610
39614
39619
39621
39632
39633
39634
39635
39640
39644
39645
39646
39648
39652
39656
39666
39667
39676
39677
39685
39688
39689
39697
39704
39708
39717
39721
39722
39723
39725
39731
39732
39733
39735
39739
39746
39751
39752
39764
39769
39777
39780
39787
39788
39790
39791
39792
39795
39797
39803
39804
39807
39808
39810
39813
39815
39817
39820
39821
39827
39829
39830
39837
39841
39848
39849
39850
39853
39860
39862
39868
39869
39876
39878
39880
39883
39887
39892
39894
39898
39905
39914
39918
39920
39930
39932
39933
39936
39941
39947
39949
39950
39951
39959
39964
39969
39970
39971
39972
39979
39982
39988
39989
39995
40001
40002
40009
40010
40017
40018
40020
40022
40023
40026
40035
40039
40048
40051
40054
40062
40065
40077
40082
40085
40089
40092
40103
40114
40122
40127
40130
40134
40136
40138
40144
40151
40153
40161
40162
40163
40177
40179
40182
40183
40187
40189
40194
40195
40205
40208
40209
40210
40212
40213
40218
40224
40228
40233
40234
40236
40237
40242
40243
40247
40249
40252
40253
40255
40258
40260
40261
40263
40266
40273
40275
40284
40291
40292
40294
40301
40304
40305
40307
40311
40315
40319
40321
40322
40324
40333
40334
40335
40340
40341
40343
40346
40349
40352
40355
40356
40358
40360
40361
40362
40367
40369
40370
40371
40373
40375
40381
40382
40383
40384
40390
40391
40395
40400
40406
40407
40408
40412
40414
40416
40427
40428
40430
40431
40433
40436
40437
40440
40443
40447
40452
40453
40457
40461
40467
40469
40471
40479
40480
40481
40483
40491
40494
40495
40496
40499
40504
40506
40508
40509
40511
40520
40522
40524
40525
40527
40529
40534
40535
40539
40553
40556
40564
40566
40567
40573
40575
40576
40586
40590
40593
40607
40611
40614
40618
40621
40634
40635
40643
40646
40648
40656
40671
40672
40677
40680
40686
40692
40700
40703
40707
40711
40713
40716
40719
40720
40723
40724
40726
40728
40730
40739
40742
40751
40759
40770
40772
40779
40790
40801
40820
40829
40830
40838
40842
40845
40847
40850
40852
40854
40866
40871
40872
40874
40881
40883
40887
40896
40898
40900
40901
40906
40909
40910
40911
40913
40914
40916
40921
40928
40930
40934
40938
40940
40942
40945
40955
40962
40968
40972
40976
40979
40981
40982
40984
40990
40993
40996
40998
41000
41002
41008
41013
41021
41023
41028
41029
41030
41035
41039
41044
41045
41050
41051
41052
41053
41055
41059
41079
41081
41082
41086
41090
41097
41100
41102
41105
41110
41111
41122
41126
41127
41131
41135
41136
41138
41141
41144
41153
41165
41167
41190
41192
41194
41195
41200
41203
41205
41206
41207
41213
41214
41215
41228
41233
41237
41239
41249
41257
41259
41262
41263
41268
41269
41271
41277
41279
41281
41284
41290
41304
41307
41313
41325
41331
41335
41336
41347
41349
41351
41355
41358
41359
41361
41367
41370
41371
41377
41382
41383
41385
41389
41394
41395
41399
41400
41404
41405
41407
41408
41410
41416
41417
41420
41421
41424
41431
41435
41438
41445
41449
41451
41453
41456
41457
41460
41461
41463
41466
41472
41475
41479
41483
41485
41488
41495
41497
41500
41503
41504
41507
41509
41516
41518
41524
41525
41529
41530
41532
41536
41552
41562
41563
41568
41569
41575
41576
41577
41586
41595
41598
41608
41616
41620
41624
41626
41628
41636
41638
41641
41642
41644
41646
41654
41656
41668
41669
41670
41672
41679
41681
41690
41692
41694
41695
41696
41697
41698
41699
41700
41703
41708
41710
41713
41717
41722
41723
41724
41727
41728
41729
41730
41731
41740
41741
41745
41749
41754
41756
41758
41760
41761
41766
41768
41771
41773
41774
41776
41781
41783
41784
41785
41786
41788
41790
41804
41810
41815
41816
41817
41821
41822
41823
41824
41826
41827
41829
41834
41838
41841
41846
41850
41851
41854
41855
41856
41857
41860
41863
41864
41866
41868
41869
41872
41873
41874
41876
41879
41880
41884
41886
41890
41892
41894
41895
41897
41900
41901
41902
41903
41905
41907
41909
41913
41918
41920
41922
41926
41927
41928
41933
41936
41937
41942
41947
41949
41951
41952
41953
41955
41956
41957
41966
41967
41968
41973
41979
41981
41985
41990
41993
41995
41997
41998
41999
42000
42006
42007
42009
42014
42015
42018
42027
42040
42041
42042
42046
42057
42066
42071
42072
42081
42085
42087
42090
42096
42104
42107
42108
42111
42114
42115
42121
42123
42135
42138
42141
42142
42146
42149
42151
42157
42161
42166
42173
42174
42177
42180
42184
42190
42191
42193
42197
42198
42212
42223
42228
42229
42230
42231
42232
42234
42237
42239
42240
42242
42244
42245
42248
42249
42255
42259
42262
42267
42269
42273
42274
42278
42281
42283
42287
42289
42290
42292
42297
42306
42308
42310
42312
42318
42324
42325
42336
42340
42341
42342
42346
42347
42349
42351
42354
42360
42364
42366
42368
42369
42370
42372
42377
42378
42380
42391
42394
42396
42397
42399
42403
42406
42408
42409
42411
42412
42417
42424
42425
42429
42430
42438
42442
42444
42445
42446
42452
42456
42457
42462
42463
42464
42468
42469
42471
42472
42474
42476
42479
42480
42484
42486
42488
42491
42492
42498
42499
42501
42507
42509
42510
42511
42516
42521
42523
42524
42526
42527
42533
42535
42539
42541
42543
42545
42546
42547
42549
42550
42554
42556
42558
42559
42560
42561
42564
42569
42576
42578
42579
42581
42584
42592
42593
42598
42601
42602
42606
42609
42610
42620
42623
42630
42635
42641
42644
42647
42649
42651
42655
42656
42657
42659
42660
42661
42664
42673
42674
42675
42680
42682
42684
42685
42686
42690
42692
42693
42695
42700
42701
42704
42705
42708
42712
42717
42718
42719
42720
42727
42733
42739
42740
42745
42747
42748
42749
42759
42762
42769
42772
42776
42780
42781
42783
42786
42790
42807
42809
42813
42815
42818
42819
42820
42822
42834
42836
42837
42839
42843
42844
42851
42855
42856
42857
42862
42863
42865
42866
42867
42878
42881
42882
42890
42896
42898
42899
42903
42906
42908
42910
42914
42915
42916
42917
42920
42921
42923
42925
42926
42931
42935
42936
42937
42940
42941
42942
42943
42946
42948
42953
42955
42959
42963
42968
42973
42974
42976
42977
42984
42985
42987
42989
42992
42994
42999
43000
43001
43003
43007
43009
43013
43021
43025
43026
43033
43034
43035
43038
43044
43050
43051
43053
43057
43058
43064
43065
43068
43075
43077
43078
43081
43082
43083
43084
43092
43093
43099
43101
43102
43105
43106
43109
43111
43113
43115
43117
43118
43121
43125
43126
43128
43134
43136
43143
43144
43148
43150
43151
43153
43158
43159
43161
43165
43166
43169
43176
43186
43190
43191
43194
43198
43208
43210
43220
43222
43223
43231
43232
43237
43240
43241
43245
43248
43250
43253
43258
43264
43265
43269
43272
43273
43275
43276
43277
43281
43288
43289
43290
43293
43294
43295
43296
43299
43303
43306
43308
43309
43314
43316
43318
43319
43321
43324
43327
43328
43335
43343
43344
43351
43354
43356
43357
43358
43363
43364
43369
43370
43374
43378
43386
43387
43388
43396
43397
43400
43407
43408
43413
43414
43416
43420
43421
43422
43425
43430
43434
43436
43438
43439
43447
43450
43452
43454
43456
43458
43459
43461
43462
43463
43464
43468
43469
43474
43476
43488
43489
43493
43494
43495
43503
43506
43509
43510
43511
43512
43513
43522
43524
43526
43528
43529
43532
43537
43538
43541
43544
43549
43553
43557
43560
43562
43564
43568
43570
43574
43576
43577
43581
43586
43590
43594
43597
43599
43601
43603
43605
43611
43615
43617
43620
43622
43623
43624
43625
43626
43628
43629
43632
43641
43642
43643
43651
43661
43663
43665
43672
43678
43682
43685
43686
43690
43692
43693
43704
43711
43716
43721
43722
43730
43738
43739
43740
43745
43747
43748
43749
43757
43760
43766
43769
43772
43775
43777
43782
43786
43787
43795
43796
43805
43806
43807
43808
43810
43811
43821
43822
43823
43829
43834
43835
43839
43843
43844
43850
43852
43855
43856
43865
43866
43868
43872
43875
43881
43884
43885
43889
43893
43897
43898
43900
43903
43906
43907
43915
43916
43933
43935
43942
43946
43951
43953
43954
43957
43962
43963
43976
43978
43983
43984
43987
43993
43998
43999
44003
44014
44024
44025
44026
44030
44035
44036
44038
44039
44044
44046
44047
44048
44061
44062
44063
44069
44072
44073
44075
44079
44096
44112
44114
44123
44133
44135
44137
44138
44140
44159
44173
44179
44180
44181
44182
44184
44185
44187
44190
44196
44198
44208
44209
44211
44219
44225
44230
44231
44232
44235
44238
44240
44244
44248
44253
44255
44263
44267
44268
44274
44285
44286
44288
44294
44298
44299
44301
44303
44306
44307
44308
44310
44319
44320
44322
44332
44344
44345
44350
44353
44355
44361
44363
44367
44378
44381
44382
44395
44397
44406
44407
44412
44414
44423
44449
44450
44458
44459
44461
44462
44465
44467
44468
44469
44471
44486
44488
44498
44500
44501
44504
44510
44512
44513
44516
44518
44522
44524
44527
44532
44536
44540
44546
44550
44565
44571
44573
44575
44577
44582
44583
44584
44589
44601
44603
44604
44605
44606
44607
44609
44622
44633
44638
44648
44649
44651
44652
44656
44658
44660
44663
44665
44668
44673
44678
44680
44682
44685
44687
44688
44689
44690
44699
44701
44704
44719
44725
44726
44730
44731
44732
44734
44735
44739
44760
44762
44765
44766
44768
44769
44774
44786
44787
44789
44790
44792
44794
44796
44799
44804
44806
44809
44811
44816
44817
44819
44828
44832
44839
44843
44849
44851
44852
44856
44862
44863
44865
44866
44869
44870
44877
44878
44880
44889
44892
44893
44904
44905
44906
44908
44910
44914
44920
44921
44922
44925
44929
44942
44945
44947
44960
44961
44963
44966
44970
44971
44974
44975
44979
44984
44989
44990
44994
44996
45000
45003
45004
45006
45011
45018
45022
45024
45026
45030
45032
45033
45034
45035
45038
45039
45042
45043
45046
45049
45050
45056
45057
45059
45062
45065
45067
45068
45073
45074
45078
45082
45084
45087
45088
45089
45090
45092
45098
45103
45107
45109
45112
45119
45120
45121
45125
45127
45128
45129
45132
45135
45136
45141
45142
45145
45148
45150
45151
45152
45153
45159
45161
45172
45177
45178
45179
45182
45183
45189
45192
45193
45195
45214
45216
45223
45227
45228
45232
45239
45242
45244
45247
45249
45253
45256
45257
45263
45264
45265
45269
45271
45272
45278
45279
45281
45282
45283
45285
45291
45292
45294
45295
45296
45297
45298
45299
45307
45308
45310
45315
45320
45321
45325
45327
45335
45337
45344
45348
45350
45359
45365
45374
45377
45379
45380
45382
45383
45386
45392
45393
45395
45398
45399
45402
45403
45405
45406
45417
45420
45423
45426
45429
45433
45436
45437
45440
45443
45446
45448
45454
45460
45470
45471
45477
45482
45483
45484
45486
45489
45490
45493
45494
45495
45496
45497
45504
45505
45510
45511
45514
45518
45520
45522
45523
45525
45526
45528
45531
45532
45534
45540
45542
45545
45557
45558
45560
45571
45574
45577
45585
45593
45600
45604
45607
45612
45613
45625
45629
45634
45636
45641
45645
45646
45647
45650
45652
45659
45660
45678
45679
45680
45682
45683
45685
45695
45701
45702
45704
45710
45713
45717
45722
45723
45724
45725
45726
45732
45740
45745
45749
45751
45752
45756
45759
45767
45769
45776
45778
45779
45783
45788
45789
45790
45797
45807
45809
45816
45821
45827
45828
45829
45831
45832
45835
45838
45840
45841
45843
45848
45862
45864
45867
45884
45894
45895
45896
45897
45899
45906
45910
45913
45917
45920
45921
45931
45936
45937
45940
45944
45945
45952
45954
45959
45960
45962
45963
45967
45970
45971
45972
45974
45976
45981
45984
45990
45994
46003
46007
46008
46011
46016
46020
46031
46034
46035
46037
46038
46040
46042
46043
46050
46055
46056
46072
46074
46077
46081
46082
46084
46087
46089
46100
46102
46106
46107
46108
46111
46113
46119
46121
46125
46136
46141
46142
46144
46151
46153
46155
46163
46164
46168
46169
46170
46173
46175
46184
46192
46193
46200
46201
46204
46210
46212
46224
46229
46230
46231
46232
46234
46239
46241
46242
46245
46249
46254
46256
46257
46258
46262
46265
46268
46277
46279
46284
46289
46291
46306
46307
46310
46313
46315
46320
46323
46328
46332
46341
46342
46343
46349
46352
46353
46354
46356
46360
46364
46365
46368
46370
46373
46376
46382
46386
46387
46388
46393
46395
46396
46401
46402
46407
46412
46415
46416
46418
46419
46421
46423
46426
46428
46439
46440
46442
46445
46452
46453
46454
46459
46460
46469
46471
46477
46485
46489
46490
46493
46494
46496
46506
46512
46516
46517
46519
46524
46525
46529
46535
46537
46538
46540
46541
46542
46543
46547
46551
46552
46556
46558
46562
46573
46579
46585
46586
46592
46593
46595
46598
46599
46600
46602
46603
46605
46617
46618
46621
46625
46627
46635
46636
46642
46653
46659
46660
46661
46662
46663
46667
46671
46672
46674
46683
46686
46687
46692
46697
46701
46705
46707
46708
46709
46721
46724
46726
46731
46733
46735
46743
46746
46750
46751
46758
46759
46761
46765
46773
46787
46788
46795
46797
46798
46804
46808
46810
46815
46818
46825
46826
46832
46833
46836
46838
46840
46843
46844
46845
46846
46850
46851
46852
46856
46860
46861
46864
46865
46866
46867
46869
46871
46872
46873
46879
46882
46885
46886
46887
46889
46890
46891
46892
46896
46897
46898
46899
46900
46902
46903
46905
46906
46908
46909
46912
46916
46922
46925
46927
46929
46933
46934
46938
46943
46944
46946
46950
46952
46954
46955
46956
46957
46958
46959
46964
46965
46966
46970
46971
46978
46982
46983
46986
46988
46989
46991
46994
46997
46999
47000
47001
47002
47005
47009
47015
47020
47025
47027
47034
47036
47041
47044
47048
47050
47061
47062
47065
47066
47067
47069
47070
47071
47072
47073
47074
47079
47082
47085
47086
47089
47093
47099
47100
47102
47103
47105
47110
47112
47113
47115
47117
47119
47120
47122
47123
47125
47135
47140
47141
47144
47145
47146
47147
47148
47151
47152
47154
47157
47161
47163
47167
47171
47172
47173
47179
47180
47183
47186
47190
47196
47197
47199
47200
47205
47209
47210
47215
47217
47218
47219
47222
47223
47227
47229
47231
47234
47236
47237
47241
47245
47247
47249
47252
47253
47259
47262
47264
47267
47270
47275
47276
47277
47278
47282
47284
47286
47288
47291
47294
47295
47297
47305
47307
47309
47316
47317
47320
47332
47335
47337
47338
47346
47351
47366
47367
47371
47372
47373
47382
47383
47385
47388
47398
47406
47408
47410
47411
47413
47415
47421
47427
47428
47435
47439
47442
47444
47448
47449
47451
47455
47461
47462
47464
47468
47470
47476
47477
47483
47486
47489
47490
47494
47500
47502
47503
47508
47510
47512
47514
47515
47522
47529
47536
47544
47546
47551
47561
47562
47563
47564
47569
47579
47581
47584
47586
47587
47590
47595
47596
47599
47601
47602
47603
47605
47608
47611
47623
47625
47635
47641
47643
47646
47649
47650
47657
47660
47661
47663
47669
47670
47676
47687
47701
47703
47705
47716
47718
47726
47727
47729
47730
47731
47733
47736
47737
47741
47749
47751
47755
47756
47759
47760
47762
47764
47765
47766
47767
47769
47771
47780
47782
47792
47797
47799
47800
47802
47803
47804
47805
47807
47812
47819
47821
47825
47828
47830
47833
47834
47839
47843
47844
47848
47850
47852
47853
47854
47858
47863
47864
47871
47874
47875
47876
47878
47880
47882
47884
47888
47893
47895
47897
47898
47900
47902
47903
47904
47906
47907
47908
47909
47911
47912
47913
47914
47916
47917
47919
47921
47924
47925
47931
47935
47938
47940
47949
47951
47960
47961
47963
47964
47965
47966
47967
47970
47973
47974
47975
47976
47982
47983
47986
47990
47991
47992
47993
47994
48000
48004
48008
48010
48014
48015
48017
48018
48025
48029
48032
48036
48039
48041
48043
48046
48047
48049
48051
48054
48062
48064
48065
48069
48073
48075
48076
48077
48082
48091
48094
48095
48099
48102
48114
48120
48121
48123
48126
48131
48138
48142
48145
48147
48149
48151
48159
48165
48172
48174
48175
48178
48180
48187
48191
48192
48197
48204
48208
48215
48219
48223
48231
48238
48242
48243
48248
48251
48253
48260
48265
48269
48272
48273
48276
48277
48283
48284
48291
48293
48297
48300
48305
48307
48309
48311
48315
48318
48320
48323
48338
48341
48344
48348
48349
48350
48352
48354
48355
48359
48360
48361
48365
48372
48375
48376
48382
48384
48388
48389
48401
48402
48405
48408
48412
48414
48416
48420
48421
48429
48430
48431
48432
48437
48442
48444
48446
48452
48455
48464
48474
48476
48484
48485
48486
48487
48491
48492
48500
48502
48504
48505
48510
48527
48528
48530
48534
48537
48539
48542
48551
48553
48554
48557
48562
48563
48565
48566
48568
48570
48575
48581
48584
48586
48590
48591
48592
48594
48598
48600
48601
48602
48605
48610
48611
48614
48616
48619
48626
48633
48636
48639
48643
48647
48648
48653
48656
48657
48668
48680
48686
48689
48695
48698
48706
48712
48714
48716
48717
48720
48729
48746
48748
48750
48756
48761
48762
48774
48777
48778
48779
48783
48784
48786
48788
48793
48801
48802
48806
48811
48812
48820
48822
48829
48830
48831
48832
48833
48844
48845
48847
48853
48854
48860
48862
48863
48877
48879
48881
48882
48883
48884
48889
48897
48900
48902
48905
48910
48913
48917
48918
48921
48922
48926
48927
48931
48935
48938
48942
48943
48946
48947
48953
48955
48961
48962
48970
48977
48978
48982
48985
48986
48990
48992
49003
49007
49010
49014
49015
49016
49018
49019
49020
49023
49026
49027
49031
49043
49048
49051
49054
49060
49062
49063
49065
49066
49069
49071
49072
49073
49078
49079
49080
49082
49084
49086
49092
49093
49094
49095
49096
49099
49106
49108
49109
49116
49124
49125
49127
49129
49139
49140
49142
49144
49150
49151
49158
49161
49164
49169
49172
49175
49180
49185
49192
49194
49197
49199
49202
49205
49217
49219
49220
49222
49228
49229
49233
49240
49241
49244
49245
49249
49251
49252
49255
49262
49268
49270
49272
49279
49284
49285
49292
49294
49296
49299
49303
49308
49311
49312
49314
49317
49320
49322
49324
49328
49330
49331
49336
49344
49346
49351
49352
49360
49362
49368
49370
49376
49381
49384
49386
49388
49391
49394
49395
49399
49412
49413
49414
49415
49417
49421
49433
49434
49435
49437
49440
49441
49445
49450
49453
49455
49460
49465
49467
49468
49469
49470
49476
49481
49482
49483
49492
49497
49500
49503
49504
49509
49523
49524
49533
49536
49541
49542
49544
49546
49549
49553
49554
49556
49560
49565
49569
49570
49581
49588
49592
49594
49601
49605
49609
49610
49612
49617
49618
49620
49625
49628
49629
49632
49634
49636
49642
49643
49651
49654
49673
49674
49677
49681
49682
49683
49684
49688
49689
49698
49701
49706
49709
49710
49713
49715
49717
49718
49720
49731
49738
49739
49751
49752
49753
49759
49767
49769
49770
49773
49777
49781
49782
49785
49789
49790
49791
49802
49804
49805
49807
49811
49813
49814
49817
49820
49832
49835
49836
49839
49840
49848
49852
49854
49858
49859
49861
49874
49876
49881
49883
49887
49892
49894
49897
49898
49900
49902
49915
49918
49923
49929
49933
49934
49941
49952
49953
49960
49963
49964
49967
49968
49972
49973
49976
49980
49981
49986
49987
49989
49992
49993
49996
50002
50003
50004
50005
50009
50012
50013
50016
50027
50035
50038
50041
50044
50055
50056
50059
50060
50061
50062
50064
50065
50066
50067
50072
50079
50081
50085
50086
50089
50097
50102
50103
50107
50109
50111
50114
50118
50119
50122
50123
50125
50129
50134
50135
50140
50142
50147
50152
50155
50160
50164
50173
50174
50175
50176
50179
50185
50193
50197
50199
50202
50209
50210
50219
50226
50227
50233
50237
50238
50240
50242
50245
50248
50251
50253
50256
50262
50264
50265
50266
50269
50276
50283
50284
50287
50293
50294
50296
50303
50304
50305
50314
50315
50325
50329
50348
50351
50352
50356
50360
50361
50363
50371
50372
50374
50376
50390
50394
50398
50401
50403
50407
50416
50418
50419
50421
50422
50434
50436
50439
50441
50443
50444
50454
50456
50457
50459
50462
50464
50473
50476
50479
50487
50488
50490
50495
50496
50499
50505
50508
50510
50517
50525
50526
50531
50541
50542
50543
50545
50546
50547
50549
50550
50551
50552
50554
50556
50558
50564
50566
50568
50572
50583
50585
50595
50601
50602
50604
50609
50612
50614
50615
50618
50619
50623
50624
50631
50637
50639
50640
50642
50643
50646
50649
50651
50653
50657
50658
50661
50666
50670
50679
50682
50684
50685
50704
50711
50712
50713
50714
50718
50723
50730
50734
50746
50747
50754
50756
50759
50761
50765
50766
50771
50773
50775
50777
50783
50785
50793
50794
50800
50801
50802
50803
50816
50819
50822
50823
50837
50839
50840
50842
50850
50858
50860
50864
50872
50873
50874
50876
50878
50880
50882
50887
50889
50894
50902
50905
50906
50910
50912
50913
50915
50920
50923
50926
50932
50935
50938
50940
50941
50943
50948
50956
50963
50964
50967
50970
50972
50975
50979
50980
50986
50993
51013
51014
51018
51019
51023
51025
51026
51037
51045
51049
51056
51068
51069
51076
51083
51086
51088
51089
51090
51093
51099
51102
51104
51105
51113
51114
51116
51118
51123
51127
51129
51134
51143
51144
51155
51160
51162
51164
51169
51173
51176
51177
51180
51185
51187
51194
51196
51198
51200
51203
51206
51210
51215
51228
51236
51237
51243
51252
51256
51257
51258
51260
51262
51270
51275
51276
51291
51292
51293
51295
51303
51305
51307
51308
51309
51312
51313
51316
51317
51322
51330
51337
51340
51341
51346
51350
51351
51360
51367
51369
51370
51379
51381
51385
51388
51389
51394
51395
51399
51403
51406
51408
51411
51415
51417
51418
51430
51434
51435
51440
51443
51446
51449
51454
51455
51458
51459
51467
51470
51471
51473
51474
51483
51486
51488
51490
51495
51496
51497
51498
51500
51508
51512
51517
51525
51529
51531
51533
51535
51539
51542
51543
51544
51545
51566
51569
51585
51587
51588
51589
51594
51595
51598
51604
51608
51611
51613
51614
51617
51642
51643
51649
51653
51654
51656
51658
51663
51667
51668
51672
51679
51691
51698
51706
51708
51716
51717
51718
51722
51728
51729
51733
51737
51741
51744
51751
51753
51755
51767
51768
51772
51773
51775
51795
51799
51805
51807
51808
51811
51812
51814
51815
51818
51823
51827
51828
51832
51835
51841
51842
51844
51846
51848
51858
51862
51867
51873
51880
51884
51885
51887
51890
51892
51894
51906
51907
51908
51912
51923
51924
51925
51926
51929
51931
51933
51934
51941
51950
51951
51954
51955
51958
51965
51980
51982
51987
51996
51998
52000
52001
52005
52013
52014
52017
52020
52029
52041
52046
52051
52058
52059
52060
52063
52065
52068
52076
52080
52083
52087
52088
52090
52092
52095
52099
52101
52104
52105
52109
52113
52119
52120
52125
52129
52130
52132
52146
52148
52151
52152
52161
52163
52168
52172
52175
52177
52184
52186
52190
52191
52194
52195
52196
52198
52200
52203
52204
52208
52211
52215
52216
52222
52223
52228
52229
52230
52232
52240
52242
52248
52249
52250
52251
52252
52258
52264
52265
52267
52269
52271
52272
52273
52275
52278
52282
52285
52291
52293
52296
52297
52302
52304
52305
52315
52316
52317
52319
52323
52328
52332
52334
52337
52339
52341
52342
52346
52350
52351
52354
52356
52358
52365
52369
52380
52384
52385
52387
52391
52392
52396
52402
52405
52416
52424
52426
52428
52429
52432
52433
52438
52444
52445
52446
52456
52460
52464
52468
52470
52483
52491
52492
52499
52506
52507
52508
52509
52510
52513
52522
52523
52530
52532
52534
52538
52557
52559
52560
52570
52583
52585
52588
52592
52595
52599
52601
52602
52615
52623
52635
52638
52640
52641
52643
52644
52648
52652
52653
52654
52655
52656
52659
52660
52661
52669
52674
52675
52681
52683
52684
52685
52691
52692
52693
52694
52695
52698
52700
52702
52704
52705
52710
52721
52726
52727
52728
52729
52730
52735
52737
52738
52740
52741
52742
52748
52749
52756
52757
52760
52766
52769
52770
52774
52778
52783
52786
52788
52790
52795
52798
52803
52804
52806
52810
52812
52814
52816
52819
52821
52825
52830
52832
52835
52839
52840
52841
52842
52843
52845
52851
52852
52856
52857
52858
52863
52865
52866
52867
52868
52872
52884
52890
52892
52894
52897
52900
52907
52909
52913
52914
52915
52916
52920
52922
52923
52924
52925
52928
52934
52935
52938
52940
52949
52953
52954
52955
52957
52960
52962
52963
52967
52968
52978
52987
52990
52992
52993
53002
53003
53004
53005
53006
53012
53013
53014
53017
53022
53024
53025
53026
53027
53031
53032
53033
53034
53035
53042
53043
53048
53052
53054
53060
53062
53071
53073
53075
53099
53102
53104
53105
53111
53115
53116
53118
53125
53126
53132
53133
53135
53140
53144
53145
53149
53155
53157
53164
53166
53167
53170
53174
53176
53177
53183
53184
53191
53197
53198
53199
53202
53204
53206
53208
53214
53216
53218
53223
53225
53229
53231
53237
53250
53253
53258
53263
53266
53267
53269
53275
53283
53284
53285
53286
53288
53290
53292
53294
53298
53301
53303
53305
53306
53308
53317
53321
53326
53327
53338
53342
53346
53351
53356
53357
53358
53368
53372
53376
53378
53379
53381
53384
53391
53392
53393
53399
53406
53407
53408
53409
53417
53421
53422
53423
53424
53425
53430
53432
53441
53450
53455
53458
53462
53464
53470
53484
53485
53486
53488
53489
53492
53493
53495
53496
53499
53508
53509
53510
53511
53514
53516
53517
53519
53521
53523
53524
53527
53530
53532
53538
53542
53544
53547
53553
53557
53558
53560
53561
53564
53565
53568
53570
53571
53573
53574
53575
53579
53583
53585
53586
53588
53589
53590
53592
53595
53597
53599
53601
53603
53605
53616
53621
53628
53630
53631
53634
53637
53640
53642
53648
53649
53653
53657
53658
53666
53668
53669
53673
53674
53685
53686
53689
53696
53698
53699
53701
53705
53707
53708
53711
53716
53717
53726
53729
53736
53753
53754
53757
53760
53764
53765
53766
53767
53771
53776
53782
53783
53785
53790
53792
53793
53797
53800
53801
53807
53814
53815
53817
53822
53825
53826
53830
53835
53836
53842
53843
53844
53845
53850
53852
53853
53854
53861
53871
53874
53877
53878
53880
53882
53883
53886
53887
53888
53893
53895
53899
53900
53903
53904
53905
53908
53910
53913
53914
53917
53918
53928
53930
53943
53946
53949
53952
53955
53956
53958
53960
53961
53963
53964
53965
53970
53982
53989
53993
53995
53996
53999
54002
54006
54011
54012
54013
54014
54016
54019
54021
54026
54030
54035
54042
54043
54045
54047
54054
54057
54058
54064
54066
54069
54070
54071
54073
54075
54088
54094
54097
54099
54109
54112
54115
54121
54122
54125
54127
54129
54134
54141
54145
54147
54148
54149
54151
54152
54155
54156
54157
54158
54162
54168
54171
54173
54180
54182
54183
54185
54187
54188
54190
54194
54199
54201
54205
54209
54211
54212
54216
54217
54218
54223
54230
54237
54246
54248
54253
54258
54263
54264
54266
54268
54270
54275
54276
54279
54286
54287
54290
54292
54296
54302
54304
54308
54310
54315
54316
54317
54318
54320
54321
54331
54337
54338
54341
54342
54344
54346
54347
54350
54353
54354
54356
54357
54360
54374
54375
54376
54377
54378
54382
54397
54401
54410
54411
54416
54419
54420
54422
54433
54435
54436
54441
54444
54451
54459
54482
54484
54490
54503
54505
54512
54516
54517
54518
54520
54529
54530
54534
54536
54537
54541
54542
54543
54544
54550
54556
54558
54560
54564
54573
54575
54578
54593
54594
54597
54601
54613
54614
54616
54618
54619
54622
54627
54629
54632
54635
54638
54640
54646
54648
54651
54652
54654
54655
54658
54659
54661
54662
54663
54665
54666
54672
54676
54677
54682
54687
54689
54692
54693
54696
54698
54699
54701
54703
54711
54718
54721
54724
54733
54734
54737
54740
54741
54743
54746
54747
54748
54749
54753
54758
54761
54767
54772
54773
54782
54783
54784
54787
54791
54795
54803
54804
54805
54806
54814
54818
54824
54829
54830
54831
54832
54833
54836
54849
54850
54852
54855
54860
54863
54868
54869
54870
54874
54875
54878
54884
54888
54889
54890
54893
54894
54898
54903
54912
54918
54925
54932
54936
54942
54945
54946
54952
54957
54958
54967
54971
54979
54984
54986
54988
54989
55003
55004
55008
55014
55015
55020
55024
55025
55027
55033
55036
55044
55051
55053
55057
55058
55060
55064
55066
55073
55086
55090
55091
55095
55096
55098
55103
55105
55113
55115
55132
55134
55138
55141
55144
55146
55149
55153
55154
55160
55164
55171
55176
55184
55186
55190
55193
55197
55198
55203
55210
55213
55219
55232
55233
55240
55242
55245
55247
55251
55258
55262
55267
55268
55272
55273
55277
55278
55279
55280
55288
55294
55295
55296
55298
55305
55306
55313
55314
55320
55321
55324
55329
55332
55333
55334
55338
55341
55342
55344
55350
55354
55367
55372
55376
55379
55380
55382
55391
55392
55394
55398
55401
55402
55403
55404
55405
55406
55412
55413
55414
55421
55422
55423
55424
55426
55427
55437
55438
55447
55448
55449
55460
55461
55474
55476
55480
55482
55483
55488
55490
55499
55501
55507
55515
55526
55528
55532
55535
55546
55547
55553
55556
55557
55558
55559
55562
55563
55564
55568
55569
55570
55572
55573
55575
55579
55586
55587
55593
55596
55601
55608
55612
55614
55617
55619
55627
55634
55635
55639
55640
55644
55645
55648
55651
55652
55659
55660
55663
55667
55671
55672
55676
55678
55679
55688
55691
55695
55697
55698
55699
55705
55716
55717
55722
55723
55728
55729
55731
55732
55734
55737
55740
55741
55751
55753
55762
55774
55778
55779
55782
55784
55792
55793
55794
55795
55797
55805
55808
55811
55812
55814
55817
55818
55820
55822
55823
55825
55830
55832
55833
55838
55844
55845
55848
55852
55854
55857
55861
55867
55868
55871
55873
55880
55882
55883
55886
55887
55888
55903
55905
55907
55908
55909
55914
55921
55922
55927
55928
55933
55938
55942
55944
55945
55946
55952
55953
55955
55959
55979
55983
55986
55987
55991
55993
55995
55999
56004
56005
56006
56009
56012
56015
56029
56033
56034
56037
56039
56044
56047
56050
56051
56053
56055
56057
56059
56061
56069
56071
56072
56074
56076
56079
56081
56084
56085
56095
56096
56098
56101
56104
56110
56111
56112
56116
56117
56119
56120
56121
56124
56127
56134
56142
56145
56154
56157
56160
56180
56192
56198
56205
56206
56216
56218
56223
56224
56227
56230
56231
56234
56235
56241
56242
56247
56253
56254
56256
56259
56270
56271
56275
56277
56279
56281
56282
56285
56296
56302
56304
56311
56316
56317
56320
56321
56324
56325
56329
56330
56333
56337
56340
56341
56343
56356
56359
56360
56365
56366
56369
56372
56374
56377
56378
56391
56402
56403
56410
56412
56415
56419
56422
56427
56429
56433
56435
56438
56445
56450
56455
56456
56459
56463
56469
56470
56472
56473
56475
56476
56481
56482
56484
56485
56489
56497
56502
56505
56510
56515
56519
56524
56537
56544
56548
56554
56555
56560
56561
56562
56563
56572
56573
56574
56576
56585
56586
56592
56596
56608
56609
56612
56620
56623
56627
56631
56633
56634
56638
56639
56658
56662
56664
56665
56672
56674
56676
56681
56683
56685
56691
56694
56695
56704
56706
56708
56712
56714
56722
56724
56726
56729
56745
56746
56748
56753
56754
56761
56764
56767
56769
56772
56776
56778
56781
56788
56791
56792
56793
56794
56795
56803
56804
56818
56821
56824
56833
56834
56835
56837
56848
56849
56852
56855
56862
56864
56865
56868
56872
56876
56882
56886
56891
56894
56895
56897
56904
56906
56912
56915
56918
56923
56928
56934
56942
56943
56946
56947
56949
56950
56952
56958
56962
56963
56970
56973
56978
56980
56984
56987
56988
56989
56995
56997
57002
57006
57009
57010
57011
57012
57016
57020
57029
57036
57040
57041
57043
57046
57053
57054
57056
57057
57063
57068
57073
57075
57077
57078
57080
57085
57086
57087
57098
57099
57100
57112
57113
57120
57126
57127
57132
57136
57138
57146
57150
57155
57156
57160
57164
57166
57167
57171
57174
57176
57180
57181
57183
57184
57185
57186
57187
57189
57194
57200
57211
57212
57214
57225
57247
57249
57251
57260
57265
57276
57277
57280
57282
57286
57294
57296
57305
57307
57308
57313
57317
57318
57319
57320
57322
57324
57326
57330
57331
57333
57338
57340
57341
57342
57343
57347
57348
57353
57354
57361
57366
57375
57376
57378
57383
57384
57386
57389
57390
57392
57394
57402
57403
57406
57410
57411
57413
57416
57419
57421
57427
57431
57437
57440
57451
57456
57461
57463
57465
57471
57472
57473
57481
57485
57494
57495
57496
57498
57500
57502
57505
57513
57514
57516
57517
57518
57520
57532
57534
57535
57537
57538
57539
57541
57545
57547
57555
57557
57559
57560
57571
57573
57577
57578
57582
57583
57587
57592
57594
57598
57604
57607
57610
57611
57614
57617
57622
57627
57631
57636
57637
57639
57645
57646
57647
57654
57655
57668
57670
57677
57684
57685
57691
57693
57695
57699
57700
57705
57707
57708
57709
57710
57711
57722
57728
57734
57740
57742
57743
57745
57747
57753
57756
57763
57773
57777
57780
57782
57785
57787
57788
57790
57793
57796
57798
57802
57806
57810
57813
57818
57832
57834
57835
57837
57843
57851
57852
57853
57854
57864
57866
57867
57873
57878
57884
57892
57896
57897
57898
57899
57904
57909
57913
57926
57931
57944
57947
57954
57955
57956
57957
57961
57962
57972
57974
57977
57978
57980
57983
57989
57992
57999
58002
58003
58006
58011
58014
58017
58025
58026
58028
58038
58045
58048
58051
58054
58056
58057
58061
58064
58066
58071
58073
58074
58080
58081
58082
58086
58095
58098
58101
58103
58111
58112
58119
58129
58139
58142
58145
58146
58152
58155
58161
58163
58166
58170
58171
58173
58175
58177
58181
58185
58194
58196
58197
58204
58213
58216
58219
58220
58223
58224
58226
58237
58240
58242
58254
58258
58260
58263
58266
58270
58271
58280
58284
58287
58293
58295
58296
58300
58301
58310
58329
58330
58333
58334
58341
58346
58348
58352
58354
58359
58363
58365
58367
58374
58377
58378
58389
58399
58400
58402
58403
58415
58417
58422
58425
58426
58427
58429
58434
58435
58436
58439
58446
58448
58457
58462
58465
58467
58468
58469
58474
58476
58482
58484
58487
58489
58494
58495
58496
58499
58507
58508
58509
58514
58516
58521
58523
58534
58536
58546
58550
58552
58564
58567
58571
58574
58575
58578
58600
58605
58609
58610
58614
58618
58627
58634
58638
58640
58646
58650
58651
58655
58657
58662
58665
58666
58671
58673
58675
58676
58681
58683
58687
58690
58691
58693
58695
58698
58703
58712
58715
58717
58719
58722
58737
58740
58741
58742
58745
58751
58761
58768
58774
58780
58789
58794
58795
58800
58810
58815
58820
58823
58825
58843
58845
58846
58848
58849
58851
58858
58860
58871
58872
58881
58882
58887
58888
58891
58893
58896
58901
58903
58905
58907
58909
58912
58914
58916
58918
58919
58926
58933
58934
58938
58948
58952
58955
58957
58959
58966
58969
58972
58974
58975
58977
58981
58983
58985
58992
58993
58998
59001
59003
59006
59007
59010
59014
59015
59016
59030
59031
59033
59042
59047
59050
59052
59061
59065
59067
59069
59072
59073
59076
59080
59082
59087
59088
59091
59093
59094
59097
59100
59105
59113
59121
59122
59123
59124
59126
59127
59128
59136
59140
59143
59144
59147
59149
59150
59151
59153
59154
59156
59157
59160
59165
59166
59169
59172
59177
59179
59180
59181
59182
59184
59187
59188
59195
59201
59204
59205
59208
59213
59222
59228
59232
59235
59236
59238
59240
59245
59249
59251
59252
59253
59255
59256
59259
59260
59265
59266
59269
59270
59274
59275
59278
59292
59295
59305
59309
59310
59312
59316
59318
59319
59323
59327
59333
59340
59342
59344
59350
59351
59353
59354
59357
59358
59359
59366
59367
59369
59370
59371
59372
59374
59376
59377
59378
59379
59382
59384
59386
59390
59394
59395
59403
59416
59419
59420
59422
59425
59431
59433
59436
59440
59441
59443
59444
59445
59446
59450
59451
59456
59459
59465
59466
59469
59480
59481
59482
59483
59484
59486
59488
59489
59491
59493
59501
59505
59507
59508
59509
59511
59518
59520
59525
59529
59532
59538
59540
59541
59545
59549
59550
59552
59554
59556
59558
59559
59560
59563
59568
59570
59571
59579
59582
59584
59586
59587
59595
59602
59603
59608
59611
59618
59619
59622
59623
59624
59625
59626
59628
59629
59630
59638
59642
59644
59648
59649
59652
59654
59655
59657
59660
59668
59672
59673
59675
59684
59685
59688
59693
59705
59708
59709
59713
59715
59717
59720
59721
59723
59724
59725
59726
59728
59730
59731
59742
59747
59750
59752
59753
59756
59757
59760
59762
59763
59765
59766
59771
59774
59775
59783
59795
59796
59800
59805
59812
59814
59815
59824
59825
59826
59829
59830
59833
59835
59837
59845
59853
59862
59871
59872
59877
59881
59882
59885
59888
59892
59893
59901
59903
59908
59914
59915
59917
59923
59924
59928
59934
59938
59950
59954
59958
59966
59971
59982
59983
59986
59988
59989
59991
59996
59997
59998
60002
60010
60011
60014
60017
60018
60024
60025
60028
60029
60036
60038
60039
60044
60056
60057
60058
60059
60072
60076
60082
60084
60088
60089
60090
60096
60102
60103
60104
60110
60112
60113
60114
60115
60123
60126
60127
60131
60135
60136
60142
60145
60146
60152
60154
60156
60157
60161
60163
60167
60169
60174
60179
60183
60185
60189
60194
60196
60197
60199
60200
60206
60213
60216
60218
60224
60225
60228
60229
60231
60233
60234
60235
60236
60237
60240
60245
60248
60249
60256
60264
60265
60268
60275
)


// ************************************************************************* //
