/*--------------------------------*- C++ -*----------------------------------*\
| =========                 |                                                 |
| \\      /  F ield         | OpenFOAM: The Open Source CFD Toolbox           |
|  \\    /   O peration     | Version:  v2012                                 |
|   \\  /    A nd           | Website:  www.openfoam.com                      |
|    \\/     M anipulation  |                                                 |
\*---------------------------------------------------------------------------*/
FoamFile
{
    version     2.0;
    format      ascii;
    class       labelList;
    location    "constant/polyMesh";
    object      pointProcAddressing;
}
// * * * * * * * * * * * * * * * * * * * * * * * * * * * * * * * * * * * * * //


15908
(
0
4
8
10
12
14
16
17
18
19
20
21
22
23
24
25
26
27
28
29
30
31
32
33
34
35
36
37
38
39
40
41
42
43
44
45
46
47
48
49
50
51
52
53
380
381
382
383
384
385
386
387
388
389
390
391
392
393
394
395
396
397
398
399
400
401
402
403
404
405
406
407
408
409
410
411
412
413
414
415
416
417
418
419
420
421
422
423
424
425
426
427
428
429
430
431
432
433
434
435
436
437
438
439
440
441
442
443
444
445
446
447
448
449
450
451
452
453
454
455
456
457
458
459
460
461
462
463
464
465
466
467
468
469
470
471
472
473
474
475
476
477
478
479
480
481
482
483
484
485
486
487
488
489
490
491
492
493
494
495
496
497
498
499
500
501
502
503
504
505
506
507
508
509
510
511
512
513
514
515
516
517
518
519
520
521
522
523
524
525
526
527
528
529
530
531
532
533
534
535
536
537
538
539
540
541
542
543
544
545
546
547
548
549
550
551
552
553
554
555
556
557
558
559
560
561
562
563
564
565
767
768
769
770
771
772
773
774
775
776
777
778
779
780
781
782
783
784
785
786
787
788
789
790
791
792
793
794
795
796
797
798
799
800
801
802
803
804
805
806
807
808
809
810
811
812
813
814
815
816
817
818
819
820
821
822
823
824
825
826
827
828
829
830
831
832
833
834
835
836
837
838
839
840
841
842
843
844
845
846
847
848
849
850
851
852
853
854
855
856
857
858
859
860
861
862
863
864
865
866
867
868
869
870
871
872
873
874
875
876
877
878
879
880
881
882
883
884
885
886
887
1214
1215
1216
1217
1218
1219
1220
1221
1222
1223
1224
1225
1226
1227
1228
1229
1230
1231
1232
1233
1234
1235
1236
1237
1238
1239
1240
1241
1242
1243
1244
1245
1246
1247
1248
1249
1250
1251
1252
1253
1254
1255
1256
1257
1258
1259
1260
1261
1262
1263
1264
1265
1266
1267
1268
1269
1270
1271
1272
1273
1274
1275
1276
1277
1278
1279
1280
1281
1282
1283
1284
1285
1286
1287
1288
1289
1290
1291
1292
1293
1294
1295
1296
1297
1298
1299
1300
1301
1302
1303
1304
1305
1306
1307
1308
1309
1310
1311
1312
1313
1314
1315
1316
1317
1318
1319
1320
1321
1322
1323
1324
1325
1326
1327
1328
1329
1330
1331
1332
1333
1334
1335
1336
1337
1338
1339
1340
1341
1342
1343
1344
1345
1346
1347
1348
1349
1350
1351
1352
1353
1354
1355
1356
1357
1358
1359
1360
1361
1362
1363
1364
1365
1366
1367
1368
1369
1370
1371
1372
1373
1374
1375
1376
1377
1378
1379
1380
1381
1382
1383
1384
1385
1386
1387
1388
1389
1390
1391
1392
1393
1394
1395
1396
1397
1398
1399
1601
1602
1603
1604
1605
1606
1607
1608
1609
1610
1611
1612
1613
1614
1615
1616
1617
1618
1619
1620
1621
1622
1623
1624
1625
1626
1627
1628
1629
1630
1631
1632
1633
1634
1635
1636
1637
1638
1639
1640
1641
1642
1643
1644
1645
1646
1647
1648
1649
1650
1651
1652
1653
1654
1655
1656
1657
1658
1659
1660
1661
1662
1663
1664
1665
1666
1667
1668
1669
1670
1671
1672
1673
1674
1675
1676
1677
1678
1679
1680
1681
1682
1683
1691
1692
1693
1694
1695
1696
1697
1698
1699
1702
1704
1705
1706
1707
1708
1709
1710
1711
1712
1713
1722
1723
1725
1740
1741
1747
1748
1756
1762
1764
1766
1767
1772
1776
1777
1782
1785
1795
1797
1799
1801
1804
1805
1806
1807
1808
1809
1811
1813
1816
1817
1819
1821
1823
1825
1828
1829
1831
1834
1835
1838
1839
1842
1848
1853
1854
1865
1881
1882
1883
1892
1893
1894
1895
1897
1899
1906
1907
1909
1912
1914
1942
2454
2455
2456
2457
2458
2459
2460
2461
2462
2463
2464
2465
2466
2467
2468
2469
2470
2471
2472
2473
2474
2475
2476
2477
2478
2479
2480
2481
2482
2483
2484
2485
2486
2487
2488
2489
2490
2491
2492
2493
2494
2495
2496
2497
2498
2499
2500
2501
2502
2503
2504
2505
2506
2507
2508
2509
2510
2511
2512
2513
2514
2515
2516
2517
2518
2519
2523
2524
2529
2530
2531
2539
2540
2541
2543
2544
2545
2552
2553
2555
2556
2559
2560
2564
2565
2571
2572
2573
2574
2575
2579
2580
2581
2582
2583
2584
2585
2586
2587
2588
2593
2594
2600
2601
2604
2605
2606
2611
2612
2615
2616
2617
2621
2622
2623
2639
2656
2669
2670
2671
2676
2677
2686
2687
2695
2696
2697
2701
2702
2703
2704
2709
2710
2712
2713
2714
2715
2716
2717
2718
2719
2720
2721
2722
2723
2724
2725
2726
2727
2728
2729
2730
2731
2732
2733
2734
2735
2736
2737
2738
2739
2782
2801
3202
3206
3207
3208
3209
3210
3211
3212
3213
3214
3215
3216
3217
3218
3219
3220
3221
3222
3223
3224
3225
3226
3227
3228
3229
3230
3231
3232
3233
3234
3235
3236
3237
3238
3239
3240
3241
3242
3243
3244
3245
3246
3247
3248
3249
3250
3251
3252
3253
3254
3255
3256
3257
3258
3259
3260
3261
3262
3263
3264
3265
3266
3267
3268
3269
3270
3271
3272
3273
3274
3275
3276
3277
3278
3279
3280
3281
3282
3283
3284
3285
3286
3287
3288
3289
3290
3291
3292
3293
3294
3295
3296
3297
3298
3299
3300
3301
3302
3303
3304
3305
3306
3307
3308
3309
3310
3311
3312
3313
3314
3315
3316
3317
3318
3319
3320
3321
3322
3323
3324
3325
3326
3327
3328
3329
3330
3331
3332
3333
3334
3335
3336
3337
3338
3339
3340
3341
3342
3343
3344
3347
3348
3349
3350
3351
3352
3353
3354
3357
3364
3388
3389
3393
3397
3414
3419
3464
3469
3471
3472
3476
3477
3490
3491
3496
3497
3498
3499
3503
3505
3506
3507
3508
3522
3523
3527
3528
3531
3532
3536
3539
3540
3556
3557
3558
3559
3560
3561
3562
3563
3564
3565
3566
3567
3568
3569
3570
3571
3572
3573
3576
3577
3580
3581
3582
3583
3584
3588
3589
3595
3596
3599
3600
3605
3606
3607
3608
3609
3610
3611
3612
3613
3614
3617
3618
3619
3620
3621
3622
3623
3624
3625
3626
3628
3629
3632
3633
3636
3637
3638
3639
3647
3648
3649
3651
3652
3653
3654
3655
3656
3657
3658
3659
3660
3661
3662
3663
3664
3665
3666
3667
3668
3669
3670
3671
3672
3673
3674
3675
3676
3677
3678
3679
3680
3681
3682
3683
3684
3685
3686
3687
3688
3689
3690
3691
3692
3693
3694
3695
3696
3697
3698
3699
3700
3701
3702
3703
3704
3705
3706
3707
3708
3709
3711
3712
3717
3718
3719
3720
3721
3724
3725
3735
3736
3737
3739
3740
3741
3749
3750
3768
3783
3787
3788
3789
3792
3809
3810
3811
3812
3813
3814
3815
3816
3817
3818
3819
3820
3821
3822
3823
3824
3825
3826
3832
3840
3841
3844
3845
3846
3847
3848
3849
3850
3851
3859
3860
3861
3862
3863
3879
3880
3881
3895
4035
4036
4037
4045
4046
4051
4060
4061
4062
4063
4064
4066
4067
4068
4069
4070
4071
4072
4073
4074
4075
4076
4077
4078
4079
4080
4081
4082
4083
4084
4085
4086
4087
4088
4089
4090
4091
4092
4093
4094
4095
4096
4097
4098
4099
4100
4101
4102
4103
4104
4105
4106
4107
4108
4109
4110
4111
4112
4113
4114
4115
4116
4117
4118
4119
4120
4121
4122
4123
4124
4125
4126
4127
4128
4129
4130
4131
4132
4133
4134
4135
4136
4137
4138
4139
4140
4141
4142
4143
4144
4145
4146
4147
4148
4149
4150
4151
4152
4153
4154
4155
4156
4157
4158
4159
4160
4161
4162
4163
4164
4165
4166
4167
4168
4176
4177
4178
4181
4183
4184
4185
4188
4189
4190
4191
4192
4205
4206
4207
4208
4209
4213
4216
4259
4260
4270
4272
4297
4298
4308
4342
4343
4355
4365
4366
4381
4698
4711
4717
4722
4725
4726
4728
4732
4746
4747
4749
4750
4756
4757
4849
4857
4869
4901
4902
5560
5561
5562
5574
5575
5581
5588
5589
5598
5607
5608
5672
5673
5674
5675
5692
5702
5703
5714
5715
5716
5717
5737
5738
5739
5740
5741
5742
5743
5744
5754
5755
5756
5769
5770
5775
5776
5777
5778
5779
5780
5781
5782
5783
5784
5785
5786
5787
5788
5789
5790
5791
5792
5793
5794
5795
5796
5797
5798
5799
5800
5801
5802
5803
5804
5805
5806
5807
5808
5809
5810
5811
5812
5813
5814
5815
5816
5817
5818
5819
5820
5821
5822
5823
5824
5825
5826
5827
5828
5829
5830
5831
5832
5833
5834
5835
5836
5837
5838
5839
5840
5841
5842
5843
5844
5845
5846
5847
5848
5849
5850
5851
5852
5853
5854
5855
5856
5857
5858
5859
5860
5861
5862
5863
5864
5865
5866
5867
5868
5869
5870
5871
5872
5873
5874
5875
5876
5877
5878
5879
5880
5881
5882
5883
5884
5885
5886
5887
5888
5889
5890
5891
5892
5893
5894
5895
5896
5897
5898
5899
5900
5901
5902
5903
5904
5905
5906
5907
5908
5909
5910
5911
5912
5913
5914
5915
5916
5917
5918
5919
5920
5921
5922
5923
5924
5925
5926
5927
5928
5929
5930
5931
5932
5933
5934
5935
5936
5937
5938
5939
5940
5941
5942
5943
5944
5945
5946
5947
5948
5949
5950
5951
5952
5953
5954
5955
5956
5957
5958
5959
5960
5961
5962
5963
5964
5965
5966
5967
5968
5969
5970
5971
5972
5973
5974
5975
5976
5977
5978
5979
5980
5981
6032
6035
6036
6039
6040
6041
6043
6051
6053
6054
6056
6057
6058
6059
6060
6061
6063
6064
6065
6066
6067
6068
6069
6070
6071
6072
6073
6074
6088
6162
6189
6305
6313
6316
6361
6362
6382
6383
6384
6385
6386
6387
6388
6389
6390
6391
6392
6393
6394
6469
6475
6476
6489
6490
6512
6513
6514
6515
6516
6537
6538
6539
6540
6541
6542
6543
6546
6547
6567
6575
6668
6669
6670
6671
6672
6673
6674
6675
6676
6677
6678
6679
6680
6681
6685
6689
6696
6829
6885
6886
6887
6888
6904
6914
6994
6995
7008
7009
7025
7026
7031
7032
7036
7037
7084
7085
7086
7087
7088
7089
7090
7091
7092
7093
7094
7095
7096
7097
7101
7102
7103
7104
7105
7106
7107
7108
7139
7141
7142
7143
7190
7191
7207
7225
7226
7227
7228
7229
7230
7231
7232
7233
7234
7251
7252
7258
7259
7264
7265
7278
7287
7288
7289
7290
7291
7292
7293
7294
7295
7296
7297
7298
7299
7300
7301
7302
7303
7304
7305
7306
7307
7308
7309
7310
7311
7312
7313
7314
7315
7316
7317
7318
7319
7320
7321
7322
7323
7324
7325
7326
7327
7328
7329
7330
7331
7332
7333
7334
7335
7336
7337
7338
7339
7340
7341
7342
7343
7344
7345
7346
7347
7348
7349
7350
7351
7352
7353
7354
7399
7410
7411
7415
7416
7486
7488
7489
7490
7491
7492
7493
7521
7522
7523
7524
7525
7526
7545
7546
7590
7591
7593
7594
7603
7608
7609
7610
7611
7614
7615
7616
7617
7618
7619
7620
7621
7622
7623
7624
7625
7626
7627
7628
7629
7630
7631
7632
7633
7634
7635
7636
7637
7638
7639
7640
7641
7642
7643
7644
7645
7646
7647
7648
7649
7650
7651
7652
7653
7654
7655
7656
7657
7658
7659
7660
7661
7662
7663
7664
7678
7679
7680
7681
7682
7683
7684
7685
7686
7687
7688
7689
7690
7691
7692
7693
7694
7695
7696
7697
7698
7699
7700
7701
7714
7715
7716
7717
7718
7728
7729
7847
7848
7849
7850
7851
7852
7853
7854
7855
7856
7857
7858
7859
7860
7861
7862
7863
7864
7865
7866
7867
7868
7869
7870
7871
7872
7873
7874
7875
7876
7877
7878
7879
7880
7881
7882
7883
7884
7885
7886
7887
7888
7889
7890
7891
7892
7893
7894
7895
7896
7897
7898
7899
7900
7901
7902
7903
7904
7905
7906
7907
7908
7909
7911
7912
7914
7915
7916
7917
7918
7919
7920
7921
7922
7924
7925
7926
7927
7928
7929
7930
7931
7932
7933
7934
7935
7936
7937
7938
7939
7940
7942
7947
7953
7954
7955
7956
7957
7968
7971
7977
7980
7981
7982
7987
7988
7994
8004
8005
8006
8007
8008
8009
8010
8011
8012
8013
8014
8015
8016
8017
8018
8019
8020
8021
8022
8023
8024
8025
8026
8027
8028
8029
8030
8031
8032
8033
8034
8035
8036
8037
8038
8039
8040
8041
8042
8043
8044
8045
8046
8051
8052
8085
8087
8093
8095
8099
8102
8122
8131
8132
8151
8152
8156
8161
8162
8163
8164
8169
8170
8174
8176
8178
8187
8191
8192
8249
8251
8255
8257
8272
8279
8282
8283
8286
8293
8334
8369
8371
8372
8373
8377
8378
8379
8380
8381
8382
8383
8384
8385
8386
8387
8388
8389
8390
8402
8406
8407
8434
8435
8438
8439
8452
8494
8497
8498
8500
8502
8509
8510
8511
8519
8523
8524
8525
8527
8528
8529
8539
8540
8543
8544
8545
8548
8549
8556
8563
8564
8567
8576
8577
8578
8579
8582
8583
8584
8585
8586
8587
8591
8592
8603
8606
8618
8633
8637
8661
8665
8777
8883
8884
8944
8959
8961
8965
9040
9041
9061
9062
9068
9069
9070
9082
9083
9084
9138
9142
9143
9144
9145
9149
9150
9151
9152
9153
9154
9155
9156
9157
9158
9159
9161
9162
9163
9164
9165
9166
9167
9173
9174
9175
9176
9177
9184
9191
9192
9193
9194
9195
9196
9197
9198
9199
9200
9201
9202
9203
9204
9205
9206
9218
9219
9220
9222
9239
9240
9246
9267
9268
9269
9272
9273
9274
9275
9276
9277
9278
9282
9289
9291
9293
9294
9297
9306
9309
9311
9330
9331
9333
9343
9344
9353
9355
9363
9383
9385
9388
9401
9402
9404
9405
9406
9407
9408
9409
9410
9411
9412
9413
9417
9418
9419
9423
9426
9430
9434
9436
9440
9441
9443
9447
9448
9454
9456
9459
9468
9469
9471
9472
9477
9478
9481
9485
9494
9496
9498
9499
9508
9509
9511
9520
9522
9523
9525
9534
9535
9549
9561
9564
9571
9574
9591
9593
9594
9595
9596
9615
9640
9643
9648
9655
9656
9669
9671
9672
9673
9674
9675
9678
9687
9690
9705
9706
9707
9744
9755
9756
9767
9789
9792
9793
9794
9809
9820
9821
9822
9823
9825
9826
9827
9828
9829
9830
9831
9832
9833
9834
9835
9836
9837
9838
9839
9840
9841
9842
9843
9844
9845
9846
9847
9848
9849
9850
9851
9852
9853
9854
9855
9856
9857
9858
9859
9860
9861
9862
9863
9864
9865
9866
9867
9868
9869
9870
9871
9872
9873
9874
9875
9876
9877
9878
9879
9880
9881
9882
9883
9884
9885
9886
9887
9888
9889
9890
9891
9892
9893
9894
9895
9896
9897
9898
9899
9900
9901
9902
9903
9904
9905
9906
9907
9908
9909
9910
9911
9912
9913
9914
9915
9916
9917
9918
9919
9920
9921
9922
9923
9924
9925
9926
9927
9928
9929
9930
9931
9932
9933
9934
9935
9936
9937
9938
9939
9940
9941
9942
9943
9944
9945
9946
9947
9948
9949
9950
9951
9952
9953
9954
9955
9956
9957
9958
9959
9960
9961
9962
9963
9964
9965
9966
9967
9968
9969
9970
9971
9972
9973
9974
9975
9976
9977
9978
9979
9980
9981
9982
9983
9984
9985
9986
9987
9988
9989
9990
9991
9992
9993
9994
9995
9996
9997
9998
9999
10000
10001
10002
10003
10004
10005
10006
10007
10008
10009
10010
10011
10012
10013
10014
10015
10016
10017
10018
10019
10020
10021
10022
10023
10024
10025
10026
10027
10028
10029
10030
10031
10032
10033
10034
10035
10036
10037
10038
10039
10040
10041
10042
10043
10044
10045
10046
10047
10048
10049
10050
10051
10052
10053
10054
10055
10056
10057
10058
10059
10060
10061
10062
10063
10064
10065
10066
10067
10068
10069
10070
10071
10072
10073
10074
10075
10076
10077
10078
10079
10080
10081
10141
10148
10149
10150
10154
10155
10156
10157
10158
10159
10160
10161
10162
10163
10164
10165
10166
10167
10168
10169
10170
10171
10174
10176
10177
10178
10180
10181
10182
10183
10184
10186
10187
10190
10191
10192
10193
10194
10195
10199
10200
10201
10202
10203
10204
10205
10207
10208
10209
10210
10211
10212
10214
10217
10219
10227
10228
10229
10230
10231
10232
10233
10234
10235
10239
10241
10242
10250
10259
10260
10282
10288
10289
10297
10309
10312
10338
10339
10347
10364
10365
10366
10367
10368
10369
10378
10379
10402
10403
10404
10409
10411
10418
10423
10435
10441
10449
10451
10452
10453
10454
10455
10456
10457
10458
10474
10475
10481
10487
10493
10494
10500
10506
10508
10514
10515
10520
10533
10534
10535
10544
10546
10547
10550
10556
10559
10560
10561
10562
10563
10564
10565
10566
10573
10574
10575
10576
10577
10578
10606
10607
10608
10626
10628
10633
10634
10635
10636
10637
10638
10639
10647
10683
10688
10692
10693
10707
10717
10725
10743
10748
10749
10750
10752
10766
10793
10806
10953
10954
10955
10981
10982
10994
10995
10996
10997
10998
10999
11000
11001
11049
11053
11055
11056
11064
11069
11077
11078
11079
11094
11096
11101
11107
11110
11114
11125
11126
11147
11150
11159
11160
11164
11179
11180
11181
11184
11185
11189
11190
11192
11198
11210
11211
11219
11220
11221
11222
11223
11224
11225
11226
11235
11236
11237
11238
11240
11247
11248
11249
11250
11260
11267
11271
11282
11297
11322
11323
11340
11344
11346
11347
11350
11355
11356
11357
11370
11377
11378
11411
11462
11463
11464
11465
11466
11467
11468
11469
11470
11471
11472
11473
11474
11475
11476
11477
11478
11479
11480
11481
11482
11483
11484
11485
11486
11487
11488
11489
11490
11491
11492
11493
11494
11495
11496
11497
11498
11499
11500
11501
11502
11503
11504
11505
11506
11507
11508
11509
11510
11511
11512
11513
11514
11515
11516
11517
11518
11519
11520
11521
11522
11523
11524
11525
11526
11527
11528
11529
11530
11531
11532
11533
11534
11535
11536
11537
11538
11539
11540
11541
11542
11543
11544
11545
11546
11547
11548
11549
11550
11551
11552
11553
11554
11555
11556
11557
11558
11559
11560
11561
11562
11563
11564
11565
11566
11567
11568
11569
11570
11571
11572
11573
11574
11575
11576
11577
11578
11579
11580
11581
11582
11583
11584
11585
11586
11587
11588
11589
11590
11591
11592
11593
11594
11595
11596
11597
11598
11599
11600
11601
11602
11603
11604
11605
11606
11607
11608
11609
11610
11611
11612
11613
11614
11615
11616
11617
11618
11619
11620
11621
11622
11623
11624
11625
11626
11628
11641
11642
11643
11646
11668
11674
11682
11684
11686
11694
11705
11706
11707
11708
11709
11710
11711
11712
11714
11725
11745
11746
11748
11754
11772
11809
11843
11858
11870
11874
11883
11884
11887
11892
11908
11939
11940
11949
11962
11971
12016
12024
12025
12026
12027
12031
12033
12036
12037
12051
12102
12118
12122
12124
12125
12126
12132
12148
12149
12151
12152
12154
12155
12162
12163
12170
12171
12172
12181
12185
12187
12188
12189
12190
12194
12195
12204
12205
12211
12212
12213
12214
12215
12216
12217
12218
12219
12220
12221
12222
12228
12229
12230
12233
12234
12235
12236
12237
12238
12239
12240
12241
12242
12249
12250
12251
12253
12254
12255
12256
12257
12258
12259
12260
12261
12297
12298
12300
12301
12304
12314
12315
12316
12335
12339
12340
12341
12342
12347
12349
12350
12351
12352
12358
12359
12407
12419
12426
12427
12428
12431
12432
12433
12438
12439
12442
12443
12444
12446
12447
12450
12453
12454
12455
12458
12459
12462
12466
12470
12476
12477
12484
12485
12486
12487
12488
12495
12504
12505
12507
12508
12513
12514
12515
12519
12525
12529
12530
12541
12542
12547
12573
12574
12578
12590
12591
12598
12599
12614
12615
12619
12620
12632
12637
12650
12716
12718
12737
12738
12739
12742
12763
12764
12779
12785
12795
12796
12800
12801
12811
12812
12813
12814
12815
12820
12821
12822
12823
12824
12825
12826
12827
12840
12841
12846
12854
12861
12862
12863
12864
12868
12877
12879
12882
12883
12897
12904
12907
12950
12951
12952
12953
12954
12956
12957
12965
12966
12973
12983
12984
12985
12991
12992
12993
12994
13005
13006
13012
13017
13023
13026
13060
13102
13103
13106
13116
13118
13119
13121
13122
13132
13135
13136
13140
13141
13143
13144
13167
13179
13197
13198
13209
13210
13211
13238
13239
13248
13249
13250
13277
13325
13326
13327
13341
13344
13349
13350
13382
13399
13403
13404
13405
13410
13422
13455
13461
13464
13474
13475
13476
13481
13496
13497
13500
13501
13507
13508
13509
13518
13519
13527
13542
13544
13545
13561
13567
13585
13589
13590
13591
13592
13596
13605
13606
13630
13631
13632
13633
13641
13651
13652
13653
13654
13655
13656
13657
13688
13700
13704
13706
13734
13739
13742
13743
13744
13745
13753
13754
13755
13775
13781
13782
13789
13797
13801
13802
13803
13804
13805
13815
13818
13819
13820
13821
13822
13827
13835
13848
13849
13852
13853
13867
13872
13883
13884
13885
13893
13898
13906
13907
13917
13918
13919
13922
13933
13934
13935
13936
13937
13938
13939
13940
13941
13948
13949
13950
13951
13952
13953
13954
13955
13956
13957
13958
13959
13960
13961
13962
13963
13964
13965
13966
13967
13968
13969
13970
13971
13972
13973
13974
13975
13976
13977
13978
13979
13980
13981
13982
13983
13984
13985
13986
13987
13988
13989
13990
13991
13992
13993
13994
13995
13996
13997
13998
13999
14000
14001
14002
14003
14004
14005
14006
14007
14008
14009
14010
14011
14012
14013
14014
14015
14016
14017
14018
14019
14020
14021
14022
14023
14024
14025
14026
14027
14028
14029
14030
14031
14032
14033
14034
14035
14036
14037
14038
14039
14040
14041
14042
14043
14044
14045
14046
14047
14048
14049
14050
14051
14052
14053
14054
14055
14056
14057
14058
14059
14060
14061
14062
14063
14064
14065
14066
14067
14068
14069
14070
14071
14072
14073
14074
14075
14076
14077
14078
14079
14080
14081
14082
14083
14084
14085
14086
14087
14088
14089
14090
14091
14092
14093
14094
14095
14096
14097
14098
14099
14100
14101
14102
14103
14104
14105
14106
14107
14108
14109
14110
14111
14112
14113
14114
14115
14116
14117
14118
14119
14120
14121
14122
14123
14124
14125
14126
14127
14128
14129
14130
14131
14132
14133
14134
14135
14136
14137
14138
14139
14140
14141
14142
14143
14144
14145
14146
14147
14148
14149
14150
14151
14152
14153
14154
14155
14156
14157
14158
14159
14160
14161
14162
14163
14164
14165
14166
14167
14168
14171
14172
14173
14174
14175
14182
14191
14193
14194
14198
14200
14201
14203
14205
14209
14215
14216
14217
14218
14234
14238
14251
14252
14255
14256
14257
14258
14259
14260
14261
14262
14263
14264
14265
14269
14270
14273
14274
14304
14311
14312
14313
14314
14317
14318
14319
14330
14360
14361
14362
14363
14364
14365
14366
14367
14368
14369
14370
14371
14372
14373
14374
14375
14376
14384
14386
14387
14392
14393
14394
14430
14444
14445
14446
14447
14453
14455
14458
14465
14466
14467
14479
14480
14481
14495
14496
14497
14498
14499
14501
14513
14530
14531
14532
14533
14535
14536
14542
14543
14552
14561
14566
14567
14571
14580
14581
14584
14585
14586
14595
14599
14600
14601
14604
14608
14613
14614
14615
14626
14627
14628
14629
14630
14631
14640
14645
14646
14654
14655
14658
14659
14678
14683
14685
14689
14690
14691
14692
14699
14700
14702
14708
14719
14720
14721
14724
14725
14726
14727
14728
14729
14730
14731
14732
14733
14734
14735
14736
14737
14738
14743
14744
14745
14746
14747
14748
14749
14750
14755
14756
14757
14758
14759
14760
14761
14762
14763
14764
14765
14766
14767
14768
14769
14770
14771
14772
14773
14774
14775
14776
14777
14778
14779
14780
14781
14782
14783
14784
14785
14786
14787
14788
14789
14796
14799
14800
14814
14818
14828
14829
14832
14841
14842
14844
14852
14855
14859
14860
14861
14862
14863
14871
14878
14881
14889
14909
14910
14919
14921
14922
14953
14954
14970
14971
14983
15003
15029
15049
15053
15078
15111
15114
15122
15123
15124
15125
15126
15127
15128
15129
15130
15131
15132
15133
15134
15147
15148
15151
15154
15156
15168
15170
15171
15172
15173
15181
15215
15216
15217
15219
15220
15221
15222
15224
15238
15241
15248
15249
15250
15251
15252
15253
15254
15255
15256
15262
15275
15276
15281
15282
15283
15284
15285
15286
15287
15288
15289
15290
15291
15292
15293
15294
15295
15296
15297
15298
15299
15321
15341
15344
15351
15357
15359
15360
15364
15367
15371
15374
15399
15400
15404
15417
15425
15449
15450
15467
15476
15477
15490
15491
15492
15493
15498
15508
15509
15510
15527
15528
15530
15531
15541
15542
15543
15547
15548
15550
15554
15567
15568
15569
15570
15576
15588
15592
15627
15628
15629
15630
15631
15633
15640
15642
15655
15658
15666
15667
15680
15681
15682
15684
15686
15689
15699
15701
15707
15708
15718
15727
15731
15732
15733
15734
15735
15738
15739
15745
15746
15749
15750
15751
15752
15759
15760
15761
15762
15763
15767
15774
15775
15784
15785
15786
15787
15788
15789
15790
15791
15792
15797
15822
15832
15833
15834
15835
15836
15837
15838
15839
15840
15841
15842
15843
15844
15845
15846
15847
15848
15849
15850
15851
15852
15853
15854
15858
15864
15865
15866
15867
15876
15883
15884
15885
15886
15887
15888
15889
15890
15891
15892
15893
15894
15895
15896
15897
15898
15899
15900
15901
15902
15903
15904
15909
15910
15911
15912
15913
15914
15915
15916
15917
15918
15919
15920
15921
15923
15924
15928
15929
15930
15931
15932
15933
15940
15941
15942
15943
15944
15946
15947
15948
15949
15950
15951
15959
15961
15963
15964
15965
15966
15967
15968
15969
15970
15971
15972
15973
15974
15975
15976
16000
16007
16009
16020
16023
16024
16025
16026
16027
16028
16029
16035
16037
16038
16039
16040
16041
16042
16043
16049
16050
16051
16057
16058
16060
16061
16062
16064
16070
16071
16075
16076
16094
16100
16102
16103
16104
16105
16109
16112
16115
16123
16134
16135
16137
16141
16144
16145
16148
16149
16150
16165
16167
16178
16179
16189
16198
16200
16201
16203
16204
16205
16220
16221
16227
16228
16240
16242
16246
16251
16257
16267
16268
16269
16270
16271
16272
16287
16312
16313
16353
16376
16377
16383
16384
16385
16386
16414
16417
16418
16425
16427
16428
16429
16430
16431
16432
16433
16435
16447
16448
16449
16450
16453
16459
16464
16465
16466
16477
16490
16491
16496
16497
16517
16520
16523
16524
16531
16534
16535
16536
16537
16539
16545
16546
16547
16554
16555
16557
16558
16565
16566
16612
16613
16614
16620
16621
16622
16639
16640
16644
16645
16648
16649
16652
16653
16658
16662
16663
16679
16680
16681
16692
16693
16694
16696
16717
16732
16736
16737
16738
16739
16740
16741
16742
16743
16755
16768
16769
16770
16771
16772
16773
16774
16775
16776
16777
16778
16779
16780
16781
16782
16783
16784
16785
16790
16795
16801
16802
16815
16825
16826
16827
16828
16834
16840
16844
16850
16855
16856
16857
16864
16884
16893
16894
16895
16896
16899
16903
16908
16927
16928
16929
16930
16931
16932
16933
16934
16935
16936
16943
16948
16951
16970
16971
16973
16980
16985
16986
16987
16988
16989
16990
16994
17003
17012
17015
17031
17032
17036
17039
17041
17044
17046
17050
17053
17054
17056
17097
17105
17107
17110
17111
17112
17115
17116
17132
17139
17142
17143
17146
17147
17148
17151
17155
17166
17167
17179
17192
17193
17205
17208
17209
17215
17222
17232
17238
17239
17240
17241
17242
17243
17244
17245
17246
17247
17248
17249
17250
17251
17269
17289
17290
17294
17295
17296
17297
17300
17301
17302
17303
17311
17314
17316
17323
17345
17346
17347
17348
17349
17350
17365
17384
17385
17387
17388
17393
17399
17408
17409
17410
17414
17416
17417
17431
17432
17433
17436
17442
17443
17444
17467
17468
17469
17487
17488
17509
17511
17515
17519
17521
17533
17539
17540
17541
17542
17543
17544
17545
17546
17547
17548
17550
17551
17558
17560
17561
17562
17566
17570
17579
17580
17583
17590
17591
17597
17598
17606
17617
17618
17619
17620
17623
17624
17627
17629
17630
17634
17643
17646
17648
17656
17657
17658
17672
17674
17684
17693
17694
17696
17697
17700
17715
17721
17725
17728
17736
17737
17738
17739
17740
17741
17743
17750
17754
17755
17757
17759
17760
17761
17762
17770
17775
17782
17783
17788
17805
17813
17814
17822
17825
17831
17832
17836
17845
17855
17857
17867
17873
17878
17879
17883
17893
17894
17921
17924
17925
17930
17940
17941
17942
17947
17948
17958
17959
17960
17978
17983
17984
17990
17994
18012
18016
18017
18018
18019
18020
18022
18023
18045
18049
18050
18053
18054
18055
18068
18069
18077
18078
18079
18087
18088
18113
18117
18118
18120
18124
18125
18126
18127
18128
18129
18130
18140
18154
18155
18163
18171
18175
18185
18189
18190
18195
18211
18213
18222
18223
18224
18234
18236
18237
18238
18239
18240
18242
18251
18252
18259
18260
18262
18271
18272
18304
18305
18306
18318
18320
18324
18325
18326
18327
18328
18329
18330
18333
18336
18338
18339
18340
18341
18350
18353
18361
18366
18369
18370
18371
18394
18398
18399
18401
18405
18410
18418
18425
18426
18431
18434
18447
18457
18492
18500
18503
18505
18518
18534
18535
18536
18537
18539
18540
18543
18544
18545
18546
18547
18556
18557
18559
18564
18568
18571
18575
18576
18587
18588
18589
18590
18591
18600
18614
18617
18624
18625
18627
18643
18644
18645
18646
18657
18659
18660
18669
18670
18671
18677
18678
18679
18691
18696
18698
18700
18701
18702
18703
18705
18707
18713
18725
18729
18743
18744
18745
18752
18753
18756
18757
18765
18766
18770
18771
18773
18774
18775
18776
18777
18778
18779
18780
18781
18782
18785
18804
18806
18817
18818
18819
18820
18821
18827
18828
18833
18851
18852
18853
18854
18855
18856
18857
18858
18859
18860
18863
18867
18868
18869
18872
18877
18878
18891
18892
18893
18894
18896
18900
18902
18905
18908
18910
18911
18912
18913
18916
18917
18926
18927
18932
18938
18946
18947
18956
18972
18975
18976
18981
18982
18992
18993
18994
19000
19009
19014
19015
19018
19024
19030
19031
19032
19033
19049
19050
19052
19053
19054
19061
19062
19066
19074
19075
19076
19086
19087
19089
19090
19091
19092
19098
19102
19103
19104
19105
19106
19107
19108
19117
19118
19119
19120
19121
19122
19123
19124
19125
19126
19127
19128
19129
19130
19131
19138
19146
19147
19148
19150
19151
19152
19163
19164
19165
19166
19167
19168
19175
19176
19177
19180
19181
19182
19183
19190
19199
19200
19201
19202
19203
19204
19205
19206
19207
19208
19211
19212
19219
19220
19221
19227
19228
19233
19235
19236
19237
19238
19239
19240
19242
19245
19246
19253
19255
19262
19263
19264
19275
19276
19281
19282
19288
19296
19297
19342
19343
19349
19350
19360
19361
19362
19366
19367
19368
19378
19392
19393
19405
19409
19410
19417
19424
19425
19426
19427
19428
19429
19436
19438
19440
19451
19452
19453
19455
19456
19457
19462
19463
19464
19470
19471
19489
19490
19491
19492
19500
19505
19520
19521
19522
19523
19532
19533
19534
19535
19536
19537
19538
19540
19563
19565
19566
19574
19575
19586
19588
19589
19590
19591
19594
19595
19596
19597
19598
19609
19610
19611
19612
19621
19622
19623
19624
19627
19628
19629
19631
19633
19642
19643
19645
19648
19649
19650
19651
19652
19655
19658
19662
19663
19665
19666
19667
19668
19675
19688
19693
19710
19711
19728
19730
19735
19737
19745
19748
19749
19751
19756
19757
19758
19759
19760
19761
19762
19763
19764
19765
19766
19767
19770
19771
19773
19785
19788
19790
19791
19800
19801
19857
19858
19860
19861
19862
19863
19864
19865
19866
19867
19868
19869
19870
19871
19890
19891
19892
19893
19903
19904
19905
19906
19907
19908
19911
19912
19919
19920
19927
19928
19929
19930
19931
19932
19933
19934
19935
19936
19937
19938
19939
19940
19941
19942
19943
19976
19977
19978
19979
19980
19981
19982
19983
19984
19985
19986
19997
20003
20005
20006
20014
20015
20016
20017
20018
20019
20020
20021
20022
20033
20034
20035
20036
20046
20051
20053
20054
20060
20061
20069
20070
20071
20072
20073
20074
20075
20076
20077
20078
20079
20080
20081
20082
20083
20084
20085
20086
20087
20088
20089
20090
20091
20092
20093
20094
20095
20096
20097
20098
20099
20100
20101
20102
20103
20104
20105
20106
20107
20108
20109
20110
20111
20112
20113
20114
20115
20116
20117
20118
20119
20120
20121
20122
20123
20124
20125
20126
20127
20128
20129
20130
20131
20132
20133
20134
20135
20136
20137
20138
20139
20140
20141
20142
20143
20144
20145
20146
20147
20148
20149
20150
20151
20152
20153
20154
20155
20156
20157
20158
20159
20160
20161
20162
20163
20164
20165
20166
20167
20168
20169
20170
20171
20172
20173
20174
20175
20176
20181
20182
20183
20201
20202
20204
20205
20206
20207
20208
20209
20210
20211
20212
20213
20214
20215
20216
20217
20218
20219
20220
20221
20222
20232
20233
20234
20235
20236
20237
20238
20239
20240
20241
20242
20243
20252
20253
20254
20255
20256
20257
20258
20259
20260
20261
20262
20263
20264
20265
20266
20267
20268
20269
20270
20271
20272
20273
20274
20275
20276
20277
20278
20279
20280
20281
20282
20283
20319
20320
20321
20322
20323
20324
20325
20326
20327
20328
20329
20330
20331
20332
20333
20334
20335
20336
20343
20344
20345
20346
20349
20350
20351
20352
20353
20354
20355
20356
20357
20358
20359
20388
20389
20390
20391
20392
20393
20394
20395
20396
20397
20398
20399
20400
20401
20402
20403
20404
20409
20410
20411
20423
20424
20425
20432
20433
20434
20435
20436
20437
20438
20439
20440
20441
20442
20443
20444
20445
20446
20447
20448
20449
20450
20451
20452
20453
20454
20455
20456
20458
20459
20462
20463
20464
20465
20466
20467
20468
20469
20470
20471
20472
20473
20485
20486
20487
20488
20489
20490
20491
20492
20496
20499
20500
20509
20512
20513
20514
20515
20516
20517
20518
20519
20520
20522
20524
20531
20532
20533
20534
20561
20608
20610
20650
20672
20673
20674
20678
20700
20701
20702
20705
20716
20717
20718
20719
20720
20722
20723
20724
20725
20726
20727
20728
20744
20746
20757
20770
20771
20772
20773
20774
20775
20776
20777
20787
20788
20789
20791
20796
20797
20802
20815
20819
20822
20823
20824
20834
20835
20839
20840
20841
20842
20843
20844
20845
20846
20847
20848
20849
20850
20851
20852
20853
20860
20867
20868
20869
20870
20871
20872
20873
20874
20875
20881
20882
20883
20884
20885
20886
20887
20888
20889
20890
20895
20899
20900
20907
20908
20923
20924
20925
20926
20927
20928
20929
20930
20931
20932
20933
20934
20968
20969
20970
20974
20980
20986
20987
20988
20989
20991
20992
20993
20996
21017
21018
21019
21020
21021
21022
21023
21024
21025
21026
21037
21038
21039
21040
21041
21043
21044
21045
21046
21047
21053
21057
21058
21059
21060
21061
21065
21066
21067
21068
21069
21070
21071
21072
21104
21105
21116
21119
21120
21121
21122
21123
21129
21148
21149
21150
21151
21172
21174
21177
21178
21180
21181
21182
21183
21185
21186
21187
21188
21191
21192
21193
21198
21199
21200
21201
21204
21205
21206
21207
21210
21212
21213
21233
21242
21253
21254
21255
21256
21257
21258
21259
21260
21261
21262
21263
21264
21265
21266
21267
21269
21273
21274
21275
21276
21277
21278
21279
21280
21281
21282
21284
21285
21287
21289
21290
21291
21292
21293
21294
21295
21296
21297
21298
21299
21300
21301
21309
21310
21312
21315
21317
21318
21319
21320
21321
21322
21323
21324
21325
21326
21327
21328
21329
21337
21338
21339
21340
21345
21346
21347
21348
21349
21350
21351
21352
21353
21357
21358
21359
21360
21361
21362
21366
21367
21380
21381
21382
21383
21390
21392
21399
21400
21404
21405
21406
21407
21408
21409
21410
21414
21415
21416
21419
21420
21421
21422
21423
21424
21425
21426
21427
21433
21434
21435
21436
21440
21444
21445
21449
21450
21451
21452
21453
21454
21455
21456
21459
21460
21461
21476
21482
21483
21484
21486
21491
21492
21493
21494
21495
21496
21511
21514
21523
21532
21533
21534
21536
21547
21551
21553
21568
21569
21573
21574
21576
21582
21583
21591
21595
21603
21604
21612
21613
21615
21616
21617
21618
21619
21622
21645
21646
21647
21648
21649
21650
21651
21652
21684
21688
21694
21700
21701
21702
21703
21704
21705
21706
21707
21708
21709
21710
21711
21712
21713
21714
21717
21718
21720
21731
21739
21740
21747
21751
21752
21753
21754
21755
21756
21757
21758
21759
21760
21761
21762
21772
21773
21781
21782
21787
21788
21789
21791
21804
21805
21806
21807
21808
21811
21823
21827
21828
21829
21831
21836
21837
21838
21856
21857
21862
21863
21866
21878
21880
21881
21882
21883
21891
21931
21932
21933
21934
21935
21936
21937
21938
21939
21940
21941
21942
21943
21944
21945
21946
21947
21948
21949
21950
21951
21952
21953
21954
21955
21956
21958
21965
21966
21967
21968
21969
21970
21971
21991
22005
22010
22011
22012
22021
22044
22050
22052
22053
22054
22055
22058
22059
22064
22065
22066
22067
22068
22069
22070
22071
22072
22073
22074
22075
22076
22077
22078
22079
22080
22081
22082
22089
22091
22095
22098
22099
22109
22110
22115
22131
22163
22164
22166
22167
22172
22174
22175
22176
22184
22185
22186
22187
22188
22189
22190
22191
22192
22193
22194
22195
22198
22218
22219
22220
22221
22222
22223
22228
22229
22233
22236
22238
22239
22241
22250
22253
22254
22255
22256
22257
22258
22259
22260
22269
22270
22271
22272
22289
22290
22297
22307
22313
22314
22329
22331
22344
22346
22348
22349
22365
22366
22367
22368
22372
22378
22392
22398
22404
22425
22426
22429
22431
22439
22444
22445
22446
22447
22448
22451
22452
22453
22454
22461
22463
22464
22465
22466
22467
22468
22473
22477
22491
22492
22497
22498
22499
22500
22501
22502
22503
22504
22505
22506
22507
22508
22509
22510
22511
22512
22514
22515
22516
22517
22522
22542
22544
22546
22547
22548
22554
22569
22572
22576
22577
22578
22582
22591
22594
22595
22600
22601
22604
22605
22610
22618
22620
22622
22623
22624
22630
22658
22662
22668
22669
22670
22714
22716
22717
22718
22719
22724
22725
22726
22727
22738
22740
22741
22742
22752
22761
22762
22765
22767
22772
22773
22780
22787
22789
22800
22806
22810
22852
22853
22858
22884
22885
22889
22893
22894
22901
22908
22909
22910
22912
22913
22946
22964
22966
22981
22987
23007
23012
23013
23026
23051
23061
23064
23072
23089
23090
23091
23154
23186
23211
23247
23248
23266
23300
23303
23399
23432
23469
23497
23498
23499
23500
23501
23544
23550
23551
23568
23573
23576
23577
23578
23579
23604
23632
23642
23643
23652
23653
23654
23655
23785
23788
23789
23791
23798
23803
23834
23838
23841
23847
23848
23850
23853
23854
23882
23897
23909
23924
23930
23945
23951
23963
23964
23975
23993
24030
24045
24047
24059
24063
24067
24084
24102
24113
24132
24141
24149
24179
24184
24190
24207
24216
24234
24253
24278
24281
24293
24298
24311
24317
24323
24324
24325
24330
24332
24358
24360
24366
24367
24370
24375
24377
24378
24379
24427
24428
24429
24433
24434
24441
24460
24472
24474
24476
24486
24492
24499
24520
24521
24526
24527
24528
24531
24532
24533
24536
24538
24548
24551
24555
24559
24570
24578
24580
24592
24600
24607
24608
24612
24619
24627
24630
24633
24643
24646
24654
24659
24668
24674
24678
24680
24682
24684
24685
24686
24688
24692
24693
24697
24701
24702
24703
24705
24707
24709
24712
24716
24718
24722
24725
24730
24732
24734
24737
24738
24740
24741
24743
24748
24808
24813
24816
24818
24819
24820
24821
24822
24823
24824
24825
24826
24828
24829
24832
24835
24836
24840
24843
24848
24849
24854
24861
24867
24868
24883
24884
24885
24888
24892
24894
24903
24908
24910
24911
24912
24913
24916
24918
24930
24931
24932
24940
24942
24945
24947
24948
24949
24950
24951
24954
24963
24965
24968
24975
24980
24985
24986
24992
25001
25004
25005
25015
25020
25029
25032
25036
25037
25039
25042
25044
25046
25048
25051
25054
25056
25057
25067
25071
25080
25083
25084
25085
25089
25093
25101
25106
25112
25121
25122
25124
25132
25136
25141
25144
25149
25150
25153
25154
25170
25175
25176
25177
25182
25190
25191
25197
25199
25218
25221
25228
25231
25232
25233
25242
25245
25246
25250
25252
25262
25264
25272
25278
25281
25287
25292
25296
25297
25299
25300
25301
25308
25310
25314
25323
25324
25328
25332
25334
25335
25337
25342
25344
25345
25348
25350
25374
25380
25381
25386
25389
25390
25391
25392
25393
25395
25397
25398
25400
25404
25409
25410
25413
25417
25428
25435
25446
25454
25455
25467
25468
25470
25472
25490
25491
25494
25499
25511
25515
25518
25528
25529
25548
25549
25550
25551
25555
25565
25571
25572
25577
25582
25583
25594
25599
25629
25631
25635
25636
25641
25646
25649
25653
25658
25661
25667
25673
25679
25684
25688
25694
25697
25701
25708
25711
25720
25721
25725
25736
25740
25742
25743
25745
25747
25750
25756
25763
25764
25771
25772
25775
25776
25778
25780
25784
25788
25789
25792
25793
25794
25802
25812
25815
25818
25820
25821
25833
25835
25836
25839
25850
25853
25861
25862
25872
25873
25875
25882
25888
25889
25895
25896
25897
25903
25907
25908
25910
25911
25912
25913
25925
25935
25937
25938
25939
25941
25949
25952
25956
25958
25960
25961
25962
25963
25965
25967
25970
25971
25972
25973
25974
25975
25976
25979
25981
25982
25984
25985
25986
25987
25989
25992
25993
25994
25995
25996
25998
25999
26001
26002
26003
26005
26008
26009
26011
26012
26016
26017
26018
26019
26020
26022
26024
26026
26029
26030
26031
26033
26034
26037
26045
26046
26047
26048
26051
26052
26054
26055
26058
26060
26061
26062
26064
26065
26067
26069
26070
26071
26075
26076
26078
26079
26084
26088
26097
26099
26102
26106
26107
26109
26113
26114
26119
26122
26129
26135
26140
26141
26143
26147
26151
26153
26154
26160
26164
26165
26170
26174
26176
26178
26179
26180
26181
26185
26186
26193
26197
26199
26203
26206
26210
26211
26215
26216
26221
26223
26224
26227
26228
26231
26232
26234
26237
26239
26244
26246
26247
26248
26251
26255
26257
26260
26269
26270
26271
26274
26276
26278
26281
26289
26290
26291
26294
26296
26300
26302
26303
26305
26308
26311
26312
26320
26323
26324
26325
26328
26329
26334
26338
26343
26346
26349
26350
26357
26359
26361
26367
26369
26373
26374
26376
26381
26385
26386
26391
26394
26397
26398
26405
26409
26413
26416
26423
26425
26427
26428
26438
26439
26446
26449
26452
26457
26460
26468
26472
26473
26478
26481
26483
26485
26486
26490
26492
26494
26495
26497
26498
26502
26512
26517
26518
26521
26527
26530
26542
26543
26552
26565
26569
26570
26571
26573
26579
26585
26595
26598
26607
26610
26615
26616
26618
26619
26621
26624
26625
26628
26634
26635
26639
26641
26645
26648
26653
26661
26667
26668
26670
26677
26680
26684
26689
26697
26703
26707
26708
26710
26713
26717
26720
26721
26722
26728
26735
26736
26741
26744
26747
26751
26752
26753
26759
26762
26763
26764
26766
26768
26771
26774
26780
26781
26790
26792
26798
26803
26805
26806
26807
26809
26810
26816
26818
26823
26824
26830
26831
26838
26845
26846
26849
26853
26861
26862
26865
26868
26869
26871
26873
26882
26884
26886
26888
26889
26892
26895
26896
26901
26909
26910
26912
26914
26915
26916
26918
26920
26921
26933
26937
26938
26949
26953
26957
26958
26965
26968
26971
26977
26986
26987
26990
26996
26998
27000
27008
27011
27015
27021
27022
27023
27024
27028
27036
27037
27040
27043
27046
27052
27058
27059
27067
27068
27072
27073
27079
27082
27083
27085
27087
27088
27095
27097
27101
27102
27107
27111
27114
27119
27120
27122
27123
27127
27134
27136
27137
27138
27145
27150
27153
27155
27162
27173
27174
27175
27181
27182
27183
27184
27187
27188
27189
27190
27210
27215
27220
27222
27225
27226
27229
27230
27245
27254
27255
27256
27261
27264
27265
27269
27275
27280
27287
27291
27292
27293
27296
27298
27305
27306
27311
27313
27315
27316
27317
27320
27321
27323
27326
27327
27328
27334
27336
27337
27344
27347
27351
27354
27355
27364
27365
27366
27369
27377
27382
27383
27392
27393
27395
27396
27399
27400
27404
27405
27407
27408
27410
27413
27417
27422
27430
27433
27439
27442
27443
27444
27448
27449
27451
27454
27455
27458
27464
27466
27472
27476
27477
27480
27482
27483
27484
27487
27488
27491
27497
27500
27510
27523
27529
27530
27534
27536
27537
27542
27547
27553
27555
27558
27562
27568
27570
27571
27581
27582
27586
27587
27590
27591
27592
27594
27597
27598
27599
27602
27603
27605
27606
27610
27611
27616
27618
27620
27622
27623
27627
27633
27637
27639
27643
27662
27663
27664
27668
27669
27671
27675
27678
27680
27686
27689
27693
27694
27695
27696
27697
27698
27700
27702
27713
27714
27718
27725
27728
27732
27735
27736
27739
27754
27761
27765
27766
27769
27770
27771
27773
27780
27781
27782
27784
27787
27788
27793
27801
27804
27807
27809
27810
27812
27813
27820
27822
27823
27824
27829
27832
27836
27839
27841
27859
27862
27864
27865
27866
27867
27869
27872
27873
27874
27882
27884
27887
27889
27892
27893
27894
27904
27908
27912
27914
27916
27923
27928
27931
27936
27938
27943
27954
27955
27957
27959
27962
27967
27971
27973
27980
27982
27988
27996
27997
28006
28010
28011
28013
28016
28021
28032
28034
28041
28044
28046
28047
28049
28054
28055
28056
28057
28068
28071
28073
28078
28083
28084
28085
28091
28099
28101
28102
28103
28106
28108
28111
28112
28115
28122
28130
28132
28136
28137
28140
28143
28147
28153
28156
28158
28165
28166
28170
28172
28177
28180
28181
28186
28193
28199
28202
28203
28205
28206
28209
28211
28215
28216
28222
28224
28225
28228
28232
28236
28238
28240
28241
28242
28243
28245
28247
28248
28249
28263
28266
28268
28275
28276
28277
28287
28313
28314
28317
28327
28329
28333
28343
28345
28349
28351
28353
28370
28371
28379
28380
28382
28385
28387
28393
28401
28404
28406
28409
28410
28415
28417
28419
28423
28425
28427
28429
28433
28435
28439
28448
28450
28454
28459
28469
28477
28479
28481
28484
28485
28486
28489
28492
28500
28504
28508
28509
28517
28524
28525
28531
28532
28535
28536
28539
28563
28578
28579
28588
28591
28595
28596
28598
28601
28603
28605
28612
28615
28617
28620
28626
28636
28642
28650
28651
28652
28653
28663
28664
28669
28678
28679
28681
28682
28685
28687
28690
28694
28700
28706
28714
28715
28716
28723
28726
28734
28736
28737
28745
28746
28747
28748
28751
28752
28758
28761
28768
28771
28774
28785
28786
28790
28791
28793
28797
28798
28805
28810
28811
28812
28816
28818
28820
28821
28827
28829
28834
28835
28841
28843
28848
28850
28852
28853
28857
28858
28860
28865
28869
28870
28871
28879
28880
28881
28886
28891
28892
28899
28901
28905
28906
28922
28923
28927
28931
28936
28940
28943
28948
28952
28954
28964
28975
28984
28987
28992
28994
28996
29000
29008
29010
29024
29025
29029
29030
29036
29045
29046
29053
29054
29057
29061
29062
29065
29070
29072
29078
29079
29080
29083
29084
29087
29092
29094
29098
29104
29108
29110
29113
29116
29123
29126
29130
29137
29145
29149
29158
29162
29167
29178
29187
29189
29190
29195
29196
29198
29200
29201
29202
29203
29205
29208
29211
29213
29222
29228
29229
29230
29243
29246
29247
29249
29250
29251
29252
29258
29259
29261
29267
29268
29279
29280
29282
29283
29298
29299
29303
29304
29308
29309
29312
29319
29320
29325
29328
29334
29348
29351
29356
29357
29359
29369
29377
29388
29389
29392
29393
29395
29399
29400
29403
29406
29407
29410
29411
29413
29421
29422
29423
29424
29437
29443
29444
29445
29449
29450
29452
29454
29457
29460
29462
29467
29469
29473
29475
29476
29494
29496
29499
29500
29506
29511
29512
29513
29514
29518
29519
29520
29523
29526
29527
29530
29533
29542
29547
29548
29552
29553
29558
29560
29580
29583
29585
29587
29596
29600
29610
29613
29614
29615
29617
29621
29622
29626
29627
29629
29630
29636
29638
29639
29654
29655
29659
29662
29663
29665
29672
29679
29683
29689
29696
29697
29708
29711
29712
29713
29715
29717
29719
29721
29722
29725
29728
29733
29739
29743
29745
29746
29748
29751
29755
29757
29758
29760
29761
29766
29769
29781
29784
29787
29790
29794
29798
29800
29802
29803
29805
29811
29813
29815
29816
29819
29823
29827
29830
29833
29838
29839
29840
29843
29844
29847
29849
29850
29853
29859
29862
29870
29878
29883
29889
29891
29895
29899
29900
29912
29914
29919
29922
29931
29936
29939
29944
29945
29947
29952
29955
29956
29966
29968
29976
29977
29978
29980
29981
29983
29985
29986
29988
29989
29991
29993
29995
29996
29999
30001
30003
30010
30017
30023
30024
30025
30028
30030
30034
30035
30040
30041
30051
30052
30055
30057
30058
30061
30065
30066
30067
30071
30072
30078
30094
30096
30099
30101
30102
30107
30108
30111
30112
30114
30116
30123
30130
30136
30138
30139
30143
30151
30159
30160
30164
30166
30170
30171
30172
30174
30175
30178
30180
30189
30191
30194
30195
30207
30224
30227
30228
30229
30230
30231
30234
30240
30242
30246
30247
30249
30250
30255
30260
30262
30263
30272
30275
30282
30283
30287
30289
30292
30293
30295
30297
30299
30300
30304
30305
30310
30311
30313
30315
30318
30321
30323
30324
30325
30326
30332
30338
30339
30342
30352
30353
30354
30356
30358
30360
30364
30368
30369
30372
30373
30379
30380
30381
30384
30386
30392
30401
30404
30408
30415
30420
30423
30431
30432
30433
30435
30439
30441
30446
30447
30448
30449
30459
30462
30465
30475
30476
30481
30482
30483
30487
30490
30503
30504
30505
30508
30514
30516
30518
30519
30520
30525
30539
30540
30541
30543
30547
30549
30550
30555
30557
30558
30560
30561
30569
30572
30579
30585
30589
30594
30595
30596
30597
30602
30603
30604
30607
30614
30617
30618
30622
30629
30630
30631
30634
30635
30636
30638
30640
30644
30645
30646
30654
30655
30657
30659
30660
30661
30664
30666
30669
30671
30673
30675
30680
30682
30687
30694
30704
30706
30711
30714
30715
30716
30719
30725
30726
30729
30730
30732
30734
30736
30737
30738
30744
30746
30747
30751
30752
30758
30762
30766
30777
30780
30782
30783
30785
30792
30796
30797
30798
30801
30804
30805
30807
30810
30815
30823
30828
30838
30842
30843
30851
30857
30859
30863
30865
30867
30871
30873
30878
30879
30880
30885
30889
30890
30892
30895
30897
30901
30902
30905
30914
30916
30918
30921
30931
30938
30939
30940
30944
30948
30950
30952
30953
30961
30963
30964
30965
30975
30976
30977
30983
30984
30989
30990
30998
31004
31005
31014
31015
31016
31019
31021
31023
31029
31032
31039
31040
31047
31048
31051
31057
31060
31061
31065
31066
31073
31076
31078
31080
31088
31090
31092
31095
31097
31117
31123
31126
31128
31133
31135
31136
31137
31139
31141
31149
31150
31153
31157
31161
31165
31171
31172
31182
31187
31190
31191
31192
31193
31198
31199
31203
31226
31228
31229
31231
31234
31240
31244
31246
31248
31250
31253
31254
31255
31256
31258
31259
31260
31270
31277
31278
31280
31283
31285
31286
31296
31305
31308
31313
31314
31327
31334
31337
31344
31345
31347
31350
31352
31359
31363
31365
31367
31371
31372
31373
31377
31381
31385
31389
31392
31397
31409
31410
31411
31412
31413
31414
31415
31416
31417
31420
31422
31423
31424
31425
31426
31427
31428
31429
31430
31431
31440
31441
31443
31458
31459
31465
31466
31474
31480
31482
31484
31485
31490
31494
31495
31500
31503
31513
31515
31517
31519
31522
31523
31524
31525
31526
31527
31529
31531
31534
31535
31537
31539
31541
31543
31546
31547
31549
31552
31553
31556
31557
31560
31566
31571
31572
31583
31599
31600
31601
31610
31611
31612
31613
31615
31617
31624
31625
31627
31630
31632
31660
32172
32173
32174
32175
32176
32177
32178
32179
32180
32181
32182
32183
32184
32185
32186
32187
32188
32189
32190
32191
32192
32193
32194
32195
32196
32197
32198
32199
32200
32201
32202
32203
32204
32205
32206
32207
32208
32209
32210
32211
32212
32213
32214
32215
32216
32217
32218
32219
32220
32221
32222
32223
32224
32225
32226
32227
32228
32229
32230
32231
32232
32233
32234
32235
32236
32237
32241
32242
32247
32248
32249
32257
32258
32259
32261
32262
32263
32270
32271
32273
32274
32277
32278
32282
32283
32289
32290
32291
32292
32293
32297
32298
32299
32300
32301
32302
32303
32304
32305
32306
32311
32312
32318
32319
32322
32323
32324
32329
32330
32333
32334
32335
32339
32340
32341
32357
32374
32387
32388
32389
32394
32395
32404
32405
32413
32414
32415
32419
32420
32421
32422
32427
32428
32430
32431
32432
32433
32434
32435
32436
32437
32438
32439
32440
32441
32442
32443
32444
32445
32446
32447
32448
32449
32450
32451
32452
32453
32454
32455
32456
32457
32500
32519
32920
32924
32925
32926
32927
32928
32929
32930
32931
32932
32933
32934
32935
32936
32937
32938
32939
32940
32941
32942
32943
32944
32945
32946
32947
32948
32949
32950
32951
32952
32953
32954
32955
32956
32957
32958
32959
32960
32961
32962
32963
32964
32965
32966
32967
32968
32969
32970
32971
32972
32973
32974
32975
32976
32977
32978
32979
32980
32981
32982
32983
32984
32985
32986
32987
32988
32989
32990
32991
32992
32993
32994
32995
32996
32997
32998
32999
33000
33001
33002
33003
33004
33005
33006
33007
33008
33009
33010
33011
33012
33013
33014
33015
33016
33017
33018
33019
33020
33021
33022
33023
33024
33025
33026
33027
33028
33029
33030
33031
33032
33033
33034
33035
33036
33037
33038
33039
33040
33041
33042
33043
33044
33045
33046
33047
33048
33049
33050
33051
33052
33053
33054
33055
33056
33057
33058
33059
33060
33061
33062
33065
33066
33067
33068
33069
33070
33071
33072
33075
33082
33106
33107
33111
33115
33132
33137
33182
33187
33189
33190
33194
33195
33208
33209
33214
33215
33216
33217
33221
33223
33224
33225
33226
33240
33241
33245
33246
33249
33250
33254
33257
33258
33274
33275
33276
33277
33278
33279
33280
33281
33282
33283
33284
33285
33286
33287
33288
33289
33290
33291
33294
33295
33298
33299
33300
33301
33302
33306
33307
33313
33314
33317
33318
33323
33324
33325
33326
33327
33328
33329
33330
33331
33332
33335
33336
33337
33338
33339
33340
33341
33342
33343
33344
33346
33347
33350
33351
33354
33355
33356
33357
33365
33366
33367
33369
33370
33371
33372
33373
33374
33375
33376
33377
33378
33379
33380
33381
33382
33383
33384
33385
33386
33387
33388
33389
33390
33391
33392
33393
33394
33395
33396
33397
33398
33399
33400
33401
33402
33403
33404
33405
33406
33407
33408
33409
33410
33411
33412
33413
33414
33415
33416
33417
33418
33419
33420
33421
33422
33423
33424
33425
33426
33427
33429
33430
33435
33436
33437
33438
33439
33442
33443
33453
33454
33455
33457
33458
33459
33467
33468
33486
33501
33505
33506
33507
33510
33527
33528
33529
33530
33531
33532
33533
33534
33535
33536
33537
33538
33539
33540
33541
33542
33543
33544
33550
33558
33559
33562
33563
33564
33565
33566
33567
33568
33569
33577
33578
33579
33580
33581
33597
33598
33599
33613
33753
33754
33755
33763
33764
33769
33778
33779
33780
33781
33782
33784
33785
33786
33787
33788
33789
33790
33791
33792
33793
33794
33795
33796
33797
33798
33799
33800
33801
33802
33803
33804
33805
33806
33807
33808
33809
33810
33811
33812
33813
33814
33815
33816
33817
33818
33819
33820
33821
33822
33823
33824
33825
33826
33827
33828
33829
33830
33831
33832
33833
33834
33835
33836
33837
33838
33839
33840
33841
33842
33843
33844
33845
33846
33847
33848
33849
33850
33851
33852
33853
33854
33855
33856
33857
33858
33859
33860
33861
33862
33863
33864
33865
33866
33867
33868
33869
33870
33871
33872
33873
33874
33875
33876
33877
33878
33879
33880
33881
33882
33883
33884
33885
33886
33894
33895
33896
33899
33901
33902
33903
33906
33907
33908
33909
33910
33923
33924
33925
33926
33927
33931
33934
33977
33978
33988
33990
34015
34016
34026
34060
34061
34073
34083
34084
34099
34416
34429
34435
34440
34443
34444
34446
34450
34464
34465
34467
34468
34474
34475
34567
34575
34587
34619
34620
35278
35279
35280
35292
35293
35299
35306
35307
35316
35325
35326
35390
35391
35392
35393
35410
35420
35421
35432
35433
35434
35435
35455
35456
35457
35458
35459
35460
35461
35462
35472
35473
35474
35487
35488
35493
35494
35495
35496
35497
35498
35499
35500
35501
35502
35503
35504
35505
35506
35507
35508
35509
35510
35511
35512
35513
35514
35515
35516
35517
35518
35519
35520
35521
35522
35523
35524
35525
35526
35527
35528
35529
35530
35531
35532
35533
35534
35535
35536
35537
35538
35539
35540
35541
35542
35543
35544
35545
35546
35547
35548
35549
35550
35551
35552
35553
35554
35555
35556
35557
35558
35559
35560
35561
35562
35563
35564
35565
35566
35567
35568
35569
35570
35571
35572
35573
35574
35575
35576
35577
35578
35579
35580
35581
35582
35583
35584
35585
35586
35587
35588
35589
35590
35591
35592
35593
35594
35595
35596
35597
35598
35599
35600
35601
35602
35603
35604
35605
35606
35607
35608
35609
35610
35611
35612
35613
35614
35615
35616
35617
35618
35619
35620
35621
35622
35623
35624
35625
35626
35627
35628
35629
35630
35631
35632
35633
35634
35635
35636
35637
35638
35639
35640
35641
35642
35643
35644
35645
35646
35647
35648
35649
35650
35651
35652
35653
35654
35655
35656
35657
35658
35659
35660
35661
35662
35663
35664
35665
35666
35667
35668
35669
35670
35671
35672
35673
35674
35675
35676
35677
35678
35679
35680
35681
35682
35683
35684
35685
35686
35687
35688
35689
35690
35691
35692
35693
35694
35695
35696
35697
35698
35699
35750
35753
35754
35757
35758
35759
35761
35769
35771
35772
35774
35775
35776
35777
35778
35779
35781
35782
35783
35784
35785
35786
35787
35788
35789
35790
35791
35792
35806
35880
35907
36023
36031
36034
36079
36080
36100
36101
36102
36103
36104
36105
36106
36107
36108
36109
36110
36111
36112
36187
36193
36194
36207
36208
36230
36231
36232
36233
36234
36255
36256
36257
36258
36259
36260
36261
36264
36265
36285
36293
36386
36387
36388
36389
36390
36391
36392
36393
36394
36395
36396
36397
36398
36399
36403
36407
36414
36547
36603
36604
36605
36606
36622
36632
36712
36713
36726
36727
36743
36744
36749
36750
36754
36755
36802
36803
36804
36805
36806
36807
36808
36809
36810
36811
36812
36813
36814
36815
36819
36820
36821
36822
36823
36824
36825
36826
36857
36859
36860
36861
36908
36909
36925
36943
36944
36945
36946
36947
36948
36949
36950
36951
36952
36969
36970
36976
36977
36982
36983
36996
37005
37006
37007
37008
37009
37010
37011
37012
37013
37014
37015
37016
37017
37018
37019
37020
37021
37022
37023
37024
37025
37026
37027
37028
37029
37030
37031
37032
37033
37034
37035
37036
37037
37038
37039
37040
37041
37042
37043
37044
37045
37046
37047
37048
37049
37050
37051
37052
37053
37054
37055
37056
37057
37058
37059
37060
37061
37062
37063
37064
37065
37066
37067
37068
37069
37070
37071
37072
37117
37128
37129
37133
37134
37204
37206
37207
37208
37209
37210
37211
37239
37240
37241
37242
37243
37244
37263
37264
37308
37309
37311
37312
37321
37326
37327
37328
37329
37332
37333
37334
37335
37336
37337
37338
37339
37340
37341
37342
37343
37344
37345
37346
37347
37348
37349
37350
37351
37352
37353
37354
37355
37356
37357
37358
37359
37360
37361
37362
37363
37364
37365
37366
37367
37368
37369
37370
37371
37372
37373
37374
37375
37376
37377
37378
37379
37380
37381
37382
37396
37397
37398
37399
37400
37401
37402
37403
37404
37405
37406
37407
37408
37409
37410
37411
37412
37413
37414
37415
37416
37417
37418
37419
37432
37433
37434
37435
37436
37446
37447
37565
37566
37567
37568
37569
37570
37571
37572
37573
37574
37575
37576
37577
37578
37579
37580
37581
37582
37583
37584
37585
37586
37587
37588
37589
37590
37591
37592
37593
37594
37595
37596
37597
37598
37599
37600
37601
37602
37603
37604
37605
37606
37607
37608
37609
37610
37611
37612
37613
37614
37615
37616
37617
37618
37619
37620
37621
37622
37623
37624
37625
37626
37627
37629
37630
37632
37633
37634
37635
37636
37637
37638
37639
37640
37642
37643
37644
37645
37646
37647
37648
37649
37650
37651
37652
37653
37654
37655
37656
37657
37658
37660
37665
37671
37672
37673
37674
37675
37686
37689
37695
37698
37699
37700
37705
37706
37712
37722
37723
37724
37725
37726
37727
37728
37729
37730
37731
37732
37733
37734
37735
37736
37737
37738
37739
37740
37741
37742
37743
37744
37745
37746
37747
37748
37749
37750
37751
37752
37753
37754
37755
37756
37757
37758
37759
37760
37761
37762
37763
37764
37769
37770
37803
37805
37811
37813
37817
37820
37840
37849
37850
37869
37870
37874
37879
37880
37881
37882
37887
37888
37892
37894
37896
37905
37909
37910
37967
37969
37973
37975
37990
37997
38000
38001
38004
38011
38052
38087
38089
38090
38091
38095
38096
38097
38098
38099
38100
38101
38102
38103
38104
38105
38106
38107
38108
38120
38124
38125
38152
38153
38156
38157
38170
38212
38215
38216
38218
38220
38227
38228
38229
38237
38241
38242
38243
38245
38246
38247
38257
38258
38261
38262
38263
38266
38267
38274
38281
38282
38285
38294
38295
38296
38297
38300
38301
38302
38303
38304
38305
38309
38310
38321
38324
38336
38351
38355
38379
38383
38495
38601
38602
38662
38677
38679
38683
38758
38759
38779
38780
38786
38787
38788
38800
38801
38802
38856
38860
38861
38862
38863
38867
38868
38869
38870
38871
38872
38873
38874
38875
38876
38877
38879
38880
38881
38882
38883
38884
38885
38891
38892
38893
38894
38895
38902
38909
38910
38911
38912
38913
38914
38915
38916
38917
38918
38919
38920
38921
38922
38923
38924
38936
38937
38938
38940
38957
38958
38964
38985
38986
38987
38990
38991
38992
38993
38994
38995
38996
39000
39007
39009
39011
39012
39015
39024
39027
39029
39048
39049
39051
39061
39062
39071
39073
39081
39101
39103
39106
39119
39120
39122
39123
39124
39125
39126
39127
39128
39129
39130
39131
39135
39136
39137
39141
39144
39148
39152
39154
39158
39159
39161
39165
39166
39172
39174
39177
39186
39187
39189
39190
39195
39196
39199
39203
39212
39214
39216
39217
39226
39227
39229
39238
39240
39241
39243
39252
39253
39267
39279
39282
39289
39292
39309
39311
39312
39313
39314
39333
39358
39361
39366
39373
39374
39387
39389
39390
39391
39392
39393
39396
39405
39408
39423
39424
39425
39462
39473
39474
39485
39507
39510
39511
39512
39527
39538
39539
39540
39541
39543
39544
39545
39546
39547
39548
39549
39550
39551
39552
39553
39554
39555
39556
39557
39558
39559
39560
39561
39562
39563
39564
39565
39566
39567
39568
39569
39570
39571
39572
39573
39574
39575
39576
39577
39578
39579
39580
39581
39582
39583
39584
39585
39586
39587
39588
39589
39590
39591
39592
39593
39594
39595
39596
39597
39598
39599
39600
39601
39602
39603
39604
39605
39606
39607
39608
39609
39610
39611
39612
39613
39614
39615
39616
39617
39618
39619
39620
39621
39622
39623
39624
39625
39626
39627
39628
39629
39630
39631
39632
39633
39634
39635
39636
39637
39638
39639
39640
39641
39642
39643
39644
39645
39646
39647
39648
39649
39650
39651
39652
39653
39654
39655
39656
39657
39658
39659
39660
39661
39662
39663
39664
39665
39666
39667
39668
39669
39670
39671
39672
39673
39674
39675
39676
39677
39678
39679
39680
39681
39682
39683
39684
39685
39686
39687
39688
39689
39690
39691
39692
39693
39694
39695
39696
39697
39698
39699
39700
39701
39702
39703
39704
39705
39706
39707
39708
39709
39710
39711
39712
39713
39714
39715
39716
39717
39718
39719
39720
39721
39722
39723
39724
39725
39726
39727
39728
39729
39730
39731
39732
39733
39734
39735
39736
39737
39738
39739
39740
39741
39742
39743
39744
39745
39746
39747
39748
39749
39750
39751
39752
39753
39754
39755
39756
39757
39758
39759
39760
39761
39762
39763
39764
39765
39766
39767
39768
39769
39770
39771
39772
39773
39774
39775
39776
39777
39778
39779
39780
39781
39782
39783
39784
39785
39786
39787
39788
39789
39790
39791
39792
39793
39794
39795
39796
39797
39798
39799
39859
39866
39867
39868
39872
39873
39874
39875
39876
39877
39878
39879
39880
39881
39882
39883
39884
39885
39886
39887
39888
39889
39892
39894
39895
39896
39898
39899
39900
39901
39902
39904
39905
39908
39909
39910
39911
39912
39913
39917
39918
39919
39920
39921
39922
39923
39925
39926
39927
39928
39929
39930
39932
39935
39937
39945
39946
39947
39948
39949
39950
39951
39952
39953
39957
39959
39960
39968
39977
39978
40000
40006
40007
40015
40027
40030
40056
40057
40065
40082
40083
40084
40085
40086
40087
40096
40097
40120
40121
40122
40127
40129
40136
40141
40153
40159
40167
40169
40170
40171
40172
40173
40174
40175
40176
40192
40193
40199
40205
40211
40212
40218
40224
40226
40232
40233
40238
40251
40252
40253
40262
40264
40265
40268
40274
40277
40278
40279
40280
40281
40282
40283
40284
40291
40292
40293
40294
40295
40296
40324
40325
40326
40344
40346
40351
40352
40353
40354
40355
40356
40357
40365
40401
40406
40410
40411
40425
40435
40443
40461
40466
40467
40468
40470
40484
40511
40524
40671
40672
40673
40699
40700
40712
40713
40714
40715
40716
40717
40718
40719
40767
40771
40773
40774
40782
40787
40795
40796
40797
40812
40814
40819
40825
40828
40832
40843
40844
40865
40868
40877
40878
40882
40897
40898
40899
40902
40903
40907
40908
40910
40916
40928
40929
40937
40938
40939
40940
40941
40942
40943
40944
40953
40954
40955
40956
40958
40965
40966
40967
40968
40978
40985
40989
41000
41015
41040
41041
41058
41062
41064
41065
41068
41073
41074
41075
41088
41095
41096
41129
41180
41181
41182
41183
41184
41185
41186
41187
41188
41189
41190
41191
41192
41193
41194
41195
41196
41197
41198
41199
41200
41201
41202
41203
41204
41205
41206
41207
41208
41209
41210
41211
41212
41213
41214
41215
41216
41217
41218
41219
41220
41221
41222
41223
41224
41225
41226
41227
41228
41229
41230
41231
41232
41233
41234
41235
41236
41237
41238
41239
41240
41241
41242
41243
41244
41245
41246
41247
41248
41249
41250
41251
41252
41253
41254
41255
41256
41257
41258
41259
41260
41261
41262
41263
41264
41265
41266
41267
41268
41269
41270
41271
41272
41273
41274
41275
41276
41277
41278
41279
41280
41281
41282
41283
41284
41285
41286
41287
41288
41289
41290
41291
41292
41293
41294
41295
41296
41297
41298
41299
41300
41301
41302
41303
41304
41305
41306
41307
41308
41309
41310
41311
41312
41313
41314
41315
41316
41317
41318
41319
41320
41321
41322
41323
41324
41325
41326
41327
41328
41329
41330
41331
41332
41333
41334
41335
41336
41337
41338
41339
41340
41341
41342
41343
41344
41346
41359
41360
41361
41364
41386
41392
41400
41402
41404
41412
41423
41424
41425
41426
41427
41428
41429
41430
41432
41443
41463
41464
41466
41472
41490
41527
41561
41576
41588
41592
41601
41602
41605
41610
41626
41657
41658
41667
41680
41689
41734
41742
41743
41744
41745
41749
41751
41754
41755
41769
41820
41836
41840
41842
41843
41844
41850
41866
41867
41869
41870
41872
41873
41880
41881
41888
41889
41890
41899
41903
41905
41906
41907
41908
41912
41913
41922
41923
41929
41930
41931
41932
41933
41934
41935
41936
41937
41938
41939
41940
41946
41947
41948
41951
41952
41953
41954
41955
41956
41957
41958
41959
41960
41967
41968
41969
41971
41972
41973
41974
41975
41976
41977
41978
41979
42015
42016
42018
42019
42022
42032
42033
42034
42053
42057
42058
42059
42060
42065
42067
42068
42069
42070
42076
42077
42125
42137
42144
42145
42146
42149
42150
42151
42156
42157
42160
42161
42162
42164
42165
42168
42171
42172
42173
42176
42177
42180
42184
42188
42194
42195
42202
42203
42204
42205
42206
42213
42222
42223
42225
42226
42231
42232
42233
42237
42243
42247
42248
42259
42260
42265
42291
42292
42296
42308
42309
42316
42317
42332
42333
42337
42338
42350
42355
42368
42434
42436
42455
42456
42457
42460
42481
42482
42497
42503
42513
42514
42518
42519
42529
42530
42531
42532
42533
42538
42539
42540
42541
42542
42543
42544
42545
42558
42559
42564
42572
42579
42580
42581
42582
42586
42595
42597
42600
42601
42615
42622
42625
42668
42669
42670
42671
42672
42674
42675
42683
42684
42691
42701
42702
42703
42709
42710
42711
42712
42723
42724
42730
42735
42741
42744
42778
42820
42821
42824
42834
42836
42837
42839
42840
42850
42853
42854
42858
42859
42861
42862
42885
42897
42915
42916
42927
42928
42929
42956
42957
42966
42967
42968
42995
43043
43044
43045
43059
43062
43067
43068
43100
43117
43121
43122
43123
43128
43140
43173
43179
43182
43192
43193
43194
43199
43214
43215
43218
43219
43225
43226
43227
43236
43237
43245
43260
43262
43263
43279
43285
43303
43307
43308
43309
43310
43314
43323
43324
43348
43349
43350
43351
43359
43369
43370
43371
43372
43373
43374
43375
43406
43418
43422
43424
43452
43457
43460
43461
43462
43463
43471
43472
43473
43493
43499
43500
43507
43515
43519
43520
43521
43522
43523
43533
43536
43537
43538
43539
43540
43545
43553
43566
43567
43570
43571
43585
43590
43601
43602
43603
43611
43616
43624
43625
43635
43636
43637
43640
43651
43652
43653
43654
43655
43656
43657
43658
43659
43666
43667
43668
43669
43670
43671
43672
43673
43674
43675
43676
43677
43678
43679
43680
43681
43682
43683
43684
43685
43686
43687
43688
43689
43690
43691
43692
43693
43694
43695
43696
43697
43698
43699
43700
43701
43702
43703
43704
43705
43706
43707
43708
43709
43710
43711
43712
43713
43714
43715
43716
43717
43718
43719
43720
43721
43722
43723
43724
43725
43726
43727
43728
43729
43730
43731
43732
43733
43734
43735
43736
43737
43738
43739
43740
43741
43742
43743
43744
43745
43746
43747
43748
43749
43750
43751
43752
43753
43754
43755
43756
43757
43758
43759
43760
43761
43762
43763
43764
43765
43766
43767
43768
43769
43770
43771
43772
43773
43774
43775
43776
43777
43778
43779
43780
43781
43782
43783
43784
43785
43786
43787
43788
43789
43790
43791
43792
43793
43794
43795
43796
43797
43798
43799
43800
43801
43802
43803
43804
43805
43806
43807
43808
43809
43810
43811
43812
43813
43814
43815
43816
43817
43818
43819
43820
43821
43822
43823
43824
43825
43826
43827
43828
43829
43830
43831
43832
43833
43834
43835
43836
43837
43838
43839
43840
43841
43842
43843
43844
43845
43846
43847
43848
43849
43850
43851
43852
43853
43854
43855
43856
43857
43858
43859
43860
43861
43862
43863
43864
43865
43866
43867
43868
43869
43870
43871
43872
43873
43874
43875
43876
43877
43878
43879
43880
43881
43882
43883
43884
43885
43886
43889
43890
43891
43892
43893
43900
43909
43911
43912
43916
43918
43919
43921
43923
43927
43933
43934
43935
43936
43952
43956
43969
43970
43973
43974
43975
43976
43977
43978
43979
43980
43981
43982
43983
43987
43988
43991
43992
44022
44029
44030
44031
44032
44035
44036
44037
44048
44078
44079
44080
44081
44082
44083
44084
44085
44086
44087
44088
44089
44090
44091
44092
44093
44094
44102
44104
44105
44110
44111
44112
44148
44162
44163
44164
44165
44171
44173
44176
44183
44184
44185
44197
44198
44199
44213
44214
44215
44216
44217
44219
44231
44248
44249
44250
44251
44253
44254
44260
44261
44270
44279
44284
44285
44289
44298
44299
44302
44303
44304
44313
44317
44318
44319
44322
44326
44331
44332
44333
44344
44345
44346
44347
44348
44349
44358
44363
44364
44372
44373
44376
44377
44396
44401
44403
44407
44408
44409
44410
44417
44418
44420
44426
44437
44438
44439
44442
44443
44444
44445
44446
44447
44448
44449
44450
44451
44452
44453
44454
44455
44456
44461
44462
44463
44464
44465
44466
44467
44468
44473
44474
44475
44476
44477
44478
44479
44480
44481
44482
44483
44484
44485
44486
44487
44488
44489
44490
44491
44492
44493
44494
44495
44496
44497
44498
44499
44500
44501
44502
44503
44504
44505
44506
44507
44514
44517
44518
44532
44536
44546
44547
44550
44559
44560
44562
44570
44573
44577
44578
44579
44580
44581
44589
44596
44599
44607
44627
44628
44637
44639
44640
44671
44672
44688
44689
44701
44721
44747
44767
44771
44796
44829
44832
44840
44841
44842
44843
44844
44845
44846
44847
44848
44849
44850
44851
44852
44865
44866
44869
44872
44874
44886
44888
44889
44890
44891
44899
44933
44934
44935
44937
44938
44939
44940
44942
44956
44959
44966
44967
44968
44969
44970
44971
44972
44973
44974
44980
44993
44994
44999
45000
45001
45002
45003
45004
45005
45006
45007
45008
45009
45010
45011
45012
45013
45014
45015
45016
45017
45039
45059
45062
45069
45075
45077
45078
45082
45085
45089
45092
45117
45118
45122
45135
45143
45167
45168
45185
45194
45195
45208
45209
45210
45211
45216
45226
45227
45228
45245
45246
45248
45249
45259
45260
45261
45265
45266
45268
45272
45285
45286
45287
45288
45294
45306
45310
45345
45346
45347
45348
45349
45351
45358
45360
45373
45376
45384
45385
45398
45399
45400
45402
45404
45407
45417
45419
45425
45426
45436
45445
45449
45450
45451
45452
45453
45456
45457
45463
45464
45467
45468
45469
45470
45477
45478
45479
45480
45481
45485
45492
45493
45502
45503
45504
45505
45506
45507
45508
45509
45510
45515
45540
45550
45551
45552
45553
45554
45555
45556
45557
45558
45559
45560
45561
45562
45563
45564
45565
45566
45567
45568
45569
45570
45571
45572
45576
45582
45583
45584
45585
45594
45601
45602
45603
45604
45605
45606
45607
45608
45609
45610
45611
45612
45613
45614
45615
45616
45617
45618
45619
45620
45621
45622
45627
45628
45629
45630
45631
45632
45633
45634
45635
45636
45637
45638
45639
45641
45642
45646
45647
45648
45649
45650
45651
45658
45659
45660
45661
45662
45664
45665
45666
45667
45668
45669
45677
45679
45681
45682
45683
45684
45685
45686
45687
45688
45689
45690
45691
45692
45693
45694
45718
45725
45727
45738
45741
45742
45743
45744
45745
45746
45747
45753
45755
45756
45757
45758
45759
45760
45761
45767
45768
45769
45775
45776
45778
45779
45780
45782
45788
45789
45793
45794
45812
45818
45820
45821
45822
45823
45827
45830
45833
45841
45852
45853
45855
45859
45862
45863
45866
45867
45868
45883
45885
45896
45897
45907
45916
45918
45919
45921
45922
45923
45938
45939
45945
45946
45958
45960
45964
45969
45975
45985
45986
45987
45988
45989
45990
46005
46030
46031
46071
46094
46095
46101
46102
46103
46104
46132
46135
46136
46143
46145
46146
46147
46148
46149
46150
46151
46153
46165
46166
46167
46168
46171
46177
46182
46183
46184
46195
46208
46209
46214
46215
46235
46238
46241
46242
46249
46252
46253
46254
46255
46257
46263
46264
46265
46272
46273
46275
46276
46283
46284
46330
46331
46332
46338
46339
46340
46357
46358
46362
46363
46366
46367
46370
46371
46376
46380
46381
46397
46398
46399
46410
46411
46412
46414
46435
46450
46454
46455
46456
46457
46458
46459
46460
46461
46473
46486
46487
46488
46489
46490
46491
46492
46493
46494
46495
46496
46497
46498
46499
46500
46501
46502
46503
46508
46513
46519
46520
46533
46543
46544
46545
46546
46552
46558
46562
46568
46573
46574
46575
46582
46602
46611
46612
46613
46614
46617
46621
46626
46645
46646
46647
46648
46649
46650
46651
46652
46653
46654
46661
46666
46669
46688
46689
46691
46698
46703
46704
46705
46706
46707
46708
46712
46721
46730
46733
46749
46750
46754
46757
46759
46762
46764
46768
46771
46772
46774
46815
46823
46825
46828
46829
46830
46833
46834
46850
46857
46860
46861
46864
46865
46866
46869
46873
46884
46885
46897
46910
46911
46923
46926
46927
46933
46940
46950
46956
46957
46958
46959
46960
46961
46962
46963
46964
46965
46966
46967
46968
46969
46987
47007
47008
47012
47013
47014
47015
47018
47019
47020
47021
47029
47032
47034
47041
47063
47064
47065
47066
47067
47068
47083
47102
47103
47105
47106
47111
47117
47126
47127
47128
47132
47134
47135
47149
47150
47151
47154
47160
47161
47162
47185
47186
47187
47205
47206
47227
47229
47233
47237
47239
47251
47257
47258
47259
47260
47261
47262
47263
47264
47265
47266
47268
47269
47276
47278
47279
47280
47284
47288
47297
47298
47301
47308
47309
47315
47316
47324
47335
47336
47337
47338
47341
47342
47345
47347
47348
47352
47361
47364
47366
47374
47375
47376
47390
47392
47402
47411
47412
47414
47415
47418
47433
47439
47443
47446
47454
47455
47456
47457
47458
47459
47461
47468
47472
47473
47475
47477
47478
47479
47480
47488
47493
47500
47501
47506
47523
47531
47532
47540
47543
47549
47550
47554
47563
47573
47575
47585
47591
47596
47597
47601
47611
47612
47639
47642
47643
47648
47658
47659
47660
47665
47666
47676
47677
47678
47696
47701
47702
47708
47712
47730
47734
47735
47736
47737
47738
47740
47741
47763
47767
47768
47771
47772
47773
47786
47787
47795
47796
47797
47805
47806
47831
47835
47836
47838
47842
47843
47844
47845
47846
47847
47848
47858
47872
47873
47881
47889
47893
47903
47907
47908
47913
47929
47931
47940
47941
47942
47952
47954
47955
47956
47957
47958
47960
47969
47970
47977
47978
47980
47989
47990
48022
48023
48024
48036
48038
48042
48043
48044
48045
48046
48047
48048
48051
48054
48056
48057
48058
48059
48068
48071
48079
48084
48087
48088
48089
48112
48116
48117
48119
48123
48128
48136
48143
48144
48149
48152
48165
48175
48210
48218
48221
48223
48236
48252
48253
48254
48255
48257
48258
48261
48262
48263
48264
48265
48274
48275
48277
48282
48286
48289
48293
48294
48305
48306
48307
48308
48309
48318
48332
48335
48342
48343
48345
48361
48362
48363
48364
48375
48377
48378
48387
48388
48389
48395
48396
48397
48409
48414
48416
48418
48419
48420
48421
48423
48425
48431
48443
48447
48461
48462
48463
48470
48471
48474
48475
48483
48484
48488
48489
48491
48492
48493
48494
48495
48496
48497
48498
48499
48500
48503
48522
48524
48535
48536
48537
48538
48539
48545
48546
48551
48569
48570
48571
48572
48573
48574
48575
48576
48577
48578
48581
48585
48586
48587
48590
48595
48596
48609
48610
48611
48612
48614
48618
48620
48623
48626
48628
48629
48630
48631
48634
48635
48644
48645
48650
48656
48664
48665
48674
48690
48693
48694
48699
48700
48710
48711
48712
48718
48727
48732
48733
48736
48742
48748
48749
48750
48751
48767
48768
48770
48771
48772
48779
48780
48784
48792
48793
48794
48804
48805
48807
48808
48809
48810
48816
48820
48821
48822
48823
48824
48825
48826
48835
48836
48837
48838
48839
48840
48841
48842
48843
48844
48845
48846
48847
48848
48849
48856
48864
48865
48866
48868
48869
48870
48881
48882
48883
48884
48885
48886
48893
48894
48895
48898
48899
48900
48901
48908
48917
48918
48919
48920
48921
48922
48923
48924
48925
48926
48929
48930
48937
48938
48939
48945
48946
48951
48953
48954
48955
48956
48957
48958
48960
48963
48964
48971
48973
48980
48981
48982
48993
48994
48999
49000
49006
49014
49015
49060
49061
49067
49068
49078
49079
49080
49084
49085
49086
49096
49110
49111
49123
49127
49128
49135
49142
49143
49144
49145
49146
49147
49154
49156
49158
49169
49170
49171
49173
49174
49175
49180
49181
49182
49188
49189
49207
49208
49209
49210
49218
49223
49238
49239
49240
49241
49250
49251
49252
49253
49254
49255
49256
49258
49281
49283
49284
49292
49293
49304
49306
49307
49308
49309
49312
49313
49314
49315
49316
49327
49328
49329
49330
49339
49340
49341
49342
49345
49346
49347
49349
49351
49360
49361
49363
49366
49367
49368
49369
49370
49373
49376
49380
49381
49383
49384
49385
49386
49393
49406
49411
49428
49429
49446
49448
49453
49455
49463
49466
49467
49469
49474
49475
49476
49477
49478
49479
49480
49481
49482
49483
49484
49485
49488
49489
49491
49503
49506
49508
49509
49518
49519
49575
49576
49578
49579
49580
49581
49582
49583
49584
49585
49586
49587
49588
49589
49608
49609
49610
49611
49621
49622
49623
49624
49625
49626
49629
49630
49637
49638
49645
49646
49647
49648
49649
49650
49651
49652
49653
49654
49655
49656
49657
49658
49659
49660
49661
49694
49695
49696
49697
49698
49699
49700
49701
49702
49703
49704
49715
49721
49723
49724
49732
49733
49734
49735
49736
49737
49738
49739
49740
49751
49752
49753
49754
49764
49769
49771
49772
49778
49779
49787
49788
49789
49790
49791
49792
49793
49794
49795
49796
49797
49798
49799
49800
49801
49802
49803
49804
49805
49806
49807
49808
49809
49810
49811
49812
49813
49814
49815
49816
49817
49818
49819
49820
49821
49822
49823
49824
49825
49826
49827
49828
49829
49830
49831
49832
49833
49834
49835
49836
49837
49838
49839
49840
49841
49842
49843
49844
49845
49846
49847
49848
49849
49850
49851
49852
49853
49854
49855
49856
49857
49858
49859
49860
49861
49862
49863
49864
49865
49866
49867
49868
49869
49870
49871
49872
49873
49874
49875
49876
49877
49878
49879
49880
49881
49882
49883
49884
49885
49886
49887
49888
49889
49890
49891
49892
49893
49894
49899
49900
49901
49919
49920
49922
49923
49924
49925
49926
49927
49928
49929
49930
49931
49932
49933
49934
49935
49936
49937
49938
49939
49940
49950
49951
49952
49953
49954
49955
49956
49957
49958
49959
49960
49961
49970
49971
49972
49973
49974
49975
49976
49977
49978
49979
49980
49981
49982
49983
49984
49985
49986
49987
49988
49989
49990
49991
49992
49993
49994
49995
49996
49997
49998
49999
50000
50001
50037
50038
50039
50040
50041
50042
50043
50044
50045
50046
50047
50048
50049
50050
50051
50052
50053
50054
50061
50062
50063
50064
50067
50068
50069
50070
50071
50072
50073
50074
50075
50076
50077
50106
50107
50108
50109
50110
50111
50112
50113
50114
50115
50116
50117
50118
50119
50120
50121
50122
50127
50128
50129
50141
50142
50143
50150
50151
50152
50153
50154
50155
50156
50157
50158
50159
50160
50161
50162
50163
50164
50165
50166
50167
50168
50169
50170
50171
50172
50173
50174
50176
50177
50180
50181
50182
50183
50184
50185
50186
50187
50188
50189
50190
50191
50203
50204
50205
50206
50207
50208
50209
50210
50214
50217
50218
50227
50230
50231
50232
50233
50234
50235
50236
50237
50238
50240
50242
50249
50250
50251
50252
50279
50326
50328
50368
50390
50391
50392
50396
50418
50419
50420
50423
50434
50435
50436
50437
50438
50440
50441
50442
50443
50444
50445
50446
50462
50464
50475
50488
50489
50490
50491
50492
50493
50494
50495
50505
50506
50507
50509
50514
50515
50520
50533
50537
50540
50541
50542
50552
50553
50557
50558
50559
50560
50561
50562
50563
50564
50565
50566
50567
50568
50569
50570
50571
50578
50585
50586
50587
50588
50589
50590
50591
50592
50593
50599
50600
50601
50602
50603
50604
50605
50606
50607
50608
50613
50617
50618
50625
50626
50641
50642
50643
50644
50645
50646
50647
50648
50649
50650
50651
50652
50686
50687
50688
50692
50698
50704
50705
50706
50707
50709
50710
50711
50714
50735
50736
50737
50738
50739
50740
50741
50742
50743
50744
50755
50756
50757
50758
50759
50761
50762
50763
50764
50765
50771
50775
50776
50777
50778
50779
50783
50784
50785
50786
50787
50788
50789
50790
50822
50823
50834
50837
50838
50839
50840
50841
50847
50866
50867
50868
50869
50890
50892
50895
50896
50898
50899
50900
50901
50903
50904
50905
50906
50909
50910
50911
50916
50917
50918
50919
50922
50923
50924
50925
50928
50930
50931
50951
50960
50971
50972
50973
50974
50975
50976
50977
50978
50979
50980
50981
50982
50983
50984
50985
50987
50991
50992
50993
50994
50995
50996
50997
50998
50999
51000
51002
51003
51005
51007
51008
51009
51010
51011
51012
51013
51014
51015
51016
51017
51018
51019
51027
51028
51030
51033
51035
51036
51037
51038
51039
51040
51041
51042
51043
51044
51045
51046
51047
51055
51056
51057
51058
51063
51064
51065
51066
51067
51068
51069
51070
51071
51075
51076
51077
51078
51079
51080
51084
51085
51098
51099
51100
51101
51108
51110
51117
51118
51122
51123
51124
51125
51126
51127
51128
51132
51133
51134
51137
51138
51139
51140
51141
51142
51143
51144
51145
51151
51152
51153
51154
51158
51162
51163
51167
51168
51169
51170
51171
51172
51173
51174
51177
51178
51179
51194
51200
51201
51202
51204
51209
51210
51211
51212
51213
51214
51229
51232
51241
51250
51251
51252
51254
51265
51269
51271
51286
51287
51291
51292
51294
51300
51301
51309
51313
51321
51322
51330
51331
51333
51334
51335
51336
51337
51340
51363
51364
51365
51366
51367
51368
51369
51370
51402
51406
51412
51418
51419
51420
51421
51422
51423
51424
51425
51426
51427
51428
51429
51430
51431
51432
51435
51436
51438
51449
51457
51458
51465
51469
51470
51471
51472
51473
51474
51475
51476
51477
51478
51479
51480
51490
51491
51499
51500
51505
51506
51507
51509
51522
51523
51524
51525
51526
51529
51541
51545
51546
51547
51549
51554
51555
51556
51574
51575
51580
51581
51584
51596
51598
51599
51600
51601
51609
51649
51650
51651
51652
51653
51654
51655
51656
51657
51658
51659
51660
51661
51662
51663
51664
51665
51666
51667
51668
51669
51670
51671
51672
51673
51674
51676
51683
51684
51685
51686
51687
51688
51689
51709
51723
51728
51729
51730
51739
51762
51768
51770
51771
51772
51773
51776
51777
51782
51783
51784
51785
51786
51787
51788
51789
51790
51791
51792
51793
51794
51795
51796
51797
51798
51799
51800
51807
51809
51813
51816
51817
51827
51828
51833
51849
51881
51882
51884
51885
51890
51892
51893
51894
51902
51903
51904
51905
51906
51907
51908
51909
51910
51911
51912
51913
51916
51936
51937
51938
51939
51940
51941
51946
51947
51951
51954
51956
51957
51959
51968
51971
51972
51973
51974
51975
51976
51977
51978
51987
51988
51989
51990
52007
52008
52015
52025
52031
52032
52047
52049
52062
52064
52066
52067
52083
52084
52085
52086
52090
52096
52110
52116
52122
52143
52144
52147
52149
52157
52162
52163
52164
52165
52166
52169
52170
52171
52172
52179
52181
52182
52183
52184
52185
52186
52191
52195
52209
52210
52215
52216
52217
52218
52219
52220
52221
52222
52223
52224
52225
52226
52227
52228
52229
52230
52232
52233
52234
52235
52240
52260
52262
52264
52265
52266
52272
52287
52290
52294
52295
52296
52300
52309
52312
52313
52318
52319
52322
52323
52328
52336
52338
52340
52341
52342
52348
52376
52380
52386
52387
52388
52432
52434
52435
52436
52437
52442
52443
52444
52445
52456
52458
52459
52460
52470
52479
52480
52483
52485
52490
52491
52498
52505
52507
52518
52524
52528
52570
52571
52576
52602
52603
52607
52611
52612
52619
52626
52627
52628
52630
52631
52664
52682
52684
52699
52705
52725
52730
52731
52744
52769
52779
52782
52790
52807
52808
52809
52872
52904
52929
52965
52966
52984
53018
53021
53117
53150
53187
53215
53216
53217
53218
53219
53262
53268
53269
53286
53291
53294
53295
53296
53297
53322
53350
53360
53361
53370
53371
53372
53373
53503
53506
53507
53509
53516
53521
53552
53556
53559
53565
53566
53568
53571
53572
53600
53615
53627
53642
53648
53663
53669
53681
53682
53693
53711
53748
53763
53765
53777
53781
53785
53802
53820
53831
53850
53859
53867
53897
53902
53908
53925
53934
53952
53971
53996
53999
54011
54016
54029
54035
54041
54042
54043
54048
54050
54076
54078
54084
54085
54088
54093
54095
54096
54097
54145
54146
54147
54151
54152
54159
54178
54190
54192
54194
54204
54210
54217
54238
54239
54244
54245
54246
54249
54250
54251
54254
54256
54266
54269
54273
54277
54288
54296
54298
54310
54318
54325
54326
54330
54337
54345
54348
54351
54361
54364
54372
54377
54386
54392
54396
54398
54400
54402
54403
54404
54406
54410
54411
54415
54419
54420
54421
54423
54425
54427
54430
54434
54436
54440
54443
54448
54450
54452
54455
54456
54458
54459
54461
54466
54526
54531
54534
54536
54537
54538
54539
54540
54541
54542
54543
54544
54546
54547
54550
54553
54554
54558
54561
54566
54567
54572
54579
54585
54586
54601
54602
54603
54606
54610
54612
54621
54626
54628
54629
54630
54631
54634
54636
54648
54649
54650
54658
54660
54663
54665
54666
54667
54668
54669
54672
54681
54683
54686
54693
54698
54703
54704
54710
54719
54722
54723
54733
54738
54747
54750
54754
54755
54757
54760
54762
54764
54766
54769
54772
54774
54775
54785
54789
54798
54801
54802
54803
54807
54811
54819
54824
54830
54839
54840
54842
54850
54854
54859
54862
54867
54868
54871
54872
54888
54893
54894
54895
54900
54908
54909
54915
54917
54936
54939
54946
54949
54950
54951
54960
54963
54964
54968
54970
54980
54982
54990
54996
54999
55005
55010
55014
55015
55017
55018
55019
55026
55028
55032
55041
55042
55046
55050
55052
55053
55055
55060
55062
55063
55066
55068
55092
55098
55099
55104
55107
55108
55109
55110
55111
55113
55115
55116
55118
55122
55127
55128
55131
55135
55146
55153
55164
55172
55173
55185
55186
55188
55190
55208
55209
55212
55217
55229
55233
55236
55246
55247
55266
55267
55268
55269
55273
55283
55289
55290
55295
55300
55301
55312
55317
55347
55349
55353
55354
55359
55364
55367
55371
55376
55379
55385
55391
55397
55402
55406
55412
55415
55419
55426
55429
55438
55439
55443
55454
55458
55460
55461
55463
55465
55468
55474
55481
55482
55489
55490
55493
55494
55496
55498
55502
55506
55507
55510
55511
55512
55520
55530
55533
55536
55538
55539
55551
55553
55554
55557
55568
55571
55579
55580
55590
55591
55593
55600
55606
55607
55613
55614
55615
55621
55625
55626
55628
55629
55630
55631
55643
55653
55655
55656
55657
55659
55667
55670
55674
55676
55678
55679
55680
55681
55683
55685
55688
55689
55690
55691
55692
55693
55694
55697
55699
55700
55702
55703
55704
55705
55707
55710
55711
55712
55713
55714
55716
55717
55719
55720
55721
55723
55726
55727
55729
55730
55734
55735
55736
55737
55738
55740
55742
55744
55747
55748
55749
55751
55752
55755
55763
55764
55765
55766
55769
55770
55772
55773
55776
55778
55779
55780
55782
55783
55785
55787
55788
55789
55793
55794
55796
55797
55802
55806
55815
55817
55820
55824
55825
55827
55831
55832
55837
55840
55847
55853
55858
55859
55861
55865
55869
55871
55872
55878
55882
55883
55888
55892
55894
55896
55897
55898
55899
55903
55904
55911
55915
55917
55921
55924
55928
55929
55933
55934
55939
55941
55942
55945
55946
55949
55950
55952
55955
55957
55962
55964
55965
55966
55969
55973
55975
55978
55987
55988
55989
55992
55994
55996
55999
56007
56008
56009
56012
56014
56018
56020
56021
56023
56026
56029
56030
56038
56041
56042
56043
56046
56047
56052
56056
56061
56064
56067
56068
56075
56077
56079
56085
56087
56091
56092
56094
56099
56103
56104
56109
56112
56115
56116
56123
56127
56131
56134
56141
56143
56145
56146
56156
56157
56164
56167
56170
56175
56178
56186
56190
56191
56196
56199
56201
56203
56204
56208
56210
56212
56213
56215
56216
56220
56230
56235
56236
56239
56245
56248
56260
56261
56270
56283
56287
56288
56289
56291
56297
56303
56313
56316
56325
56328
56333
56334
56336
56337
56339
56342
56343
56346
56352
56353
56357
56359
56363
56366
56371
56379
56385
56386
56388
56395
56398
56402
56407
56415
56421
56425
56426
56428
56431
56435
56438
56439
56440
56446
56453
56454
56459
56462
56465
56469
56470
56471
56477
56480
56481
56482
56484
56486
56489
56492
56498
56499
56508
56510
56516
56521
56523
56524
56525
56527
56528
56534
56536
56541
56542
56548
56549
56556
56563
56564
56567
56571
56579
56580
56583
56586
56587
56589
56591
56600
56602
56604
56606
56607
56610
56613
56614
56619
56627
56628
56630
56632
56633
56634
56636
56638
56639
56651
56655
56656
56667
56671
56675
56676
56683
56686
56689
56695
56704
56705
56708
56714
56716
56718
56726
56729
56733
56739
56740
56741
56742
56746
56754
56755
56758
56761
56764
56770
56776
56777
56785
56786
56790
56791
56797
56800
56801
56803
56805
56806
56813
56815
56819
56820
56825
56829
56832
56837
56838
56840
56841
56845
56852
56854
56855
56856
56863
56868
56871
56873
56880
56891
56892
56893
56899
56900
56901
56902
56905
56906
56907
56908
56928
56933
56938
56940
56943
56944
56947
56948
56963
56972
56973
56974
56979
56982
56983
56987
56993
56998
57005
57009
57010
57011
57014
57016
57023
57024
57029
57031
57033
57034
57035
57038
57039
57041
57044
57045
57046
57052
57054
57055
57062
57065
57069
57072
57073
57082
57083
57084
57087
57095
57100
57101
57110
57111
57113
57114
57117
57118
57122
57123
57125
57126
57128
57131
57135
57140
57148
57151
57157
57160
57161
57162
57166
57167
57169
57172
57173
57176
57182
57184
57190
57194
57195
57198
57200
57201
57202
57205
57206
57209
57215
57218
57228
57241
57247
57248
57252
57254
57255
57260
57265
57271
57273
57276
57280
57286
57288
57289
57299
57300
57304
57305
57308
57309
57310
57312
57315
57316
57317
57320
57321
57323
57324
57328
57329
57334
57336
57338
57340
57341
57345
57351
57355
57357
57361
57380
57381
57382
57386
57387
57389
57393
57396
57398
57404
57407
57411
57412
57413
57414
57415
57416
57418
57420
57431
57432
57436
57443
57446
57450
57453
57454
57457
57472
57479
57483
57484
57487
57488
57489
57491
57498
57499
57500
57502
57505
57506
57511
57519
57522
57525
57527
57528
57530
57531
57538
57540
57541
57542
57547
57550
57554
57557
57559
57577
57580
57582
57583
57584
57585
57587
57590
57591
57592
57600
57602
57605
57607
57610
57611
57612
57622
57626
57630
57632
57634
57641
57646
57649
57654
57656
57661
57672
57673
57675
57677
57680
57685
57689
57691
57698
57700
57706
57714
57715
57724
57728
57729
57731
57734
57739
57750
57752
57759
57762
57764
57765
57767
57772
57773
57774
57775
57786
57789
57791
57796
57801
57802
57803
57809
57817
57819
57820
57821
57824
57826
57829
57830
57833
57840
57848
57850
57854
57855
57858
57861
57865
57871
57874
57876
57883
57884
57888
57890
57895
57898
57899
57904
57911
57917
57920
57921
57923
57924
57927
57929
57933
57934
57940
57942
57943
57946
57950
57954
57956
57958
57959
57960
57961
57963
57965
57966
57967
57981
57984
57986
57993
57994
57995
58005
58031
58032
58035
58045
58047
58051
58061
58063
58067
58069
58071
58088
58089
58097
58098
58100
58103
58105
58111
58119
58122
58124
58127
58128
58133
58135
58137
58141
58143
58145
58147
58151
58153
58157
58166
58168
58172
58177
58187
58195
58197
58199
58202
58203
58204
58207
58210
58218
58222
58226
58227
58235
58242
58243
58249
58250
58253
58254
58257
58281
58296
58297
58306
58309
58313
58314
58316
58319
58321
58323
58330
58333
58335
58338
58344
58354
58360
58368
58369
58370
58371
58381
58382
58387
58396
58397
58399
58400
58403
58405
58408
58412
58418
58424
58432
58433
58434
58441
58444
58452
58454
58455
58463
58464
58465
58466
58469
58470
58476
58479
58486
58489
58492
58503
58504
58508
58509
58511
58515
58516
58523
58528
58529
58530
58534
58536
58538
58539
58545
58547
58552
58553
58559
58561
58566
58568
58570
58571
58575
58576
58578
58583
58587
58588
58589
58597
58598
58599
58604
58609
58610
58617
58619
58623
58624
58640
58641
58645
58649
58654
58658
58661
58666
58670
58672
58682
58693
58702
58705
58710
58712
58714
58718
58726
58728
58742
58743
58747
58748
58754
58763
58764
58771
58772
58775
58779
58780
58783
58788
58790
58796
58797
58798
58801
58802
58805
58810
58812
58816
58822
58826
58828
58831
58834
58841
58844
58848
58855
58863
58867
58876
58880
58885
58896
58905
58907
58908
58913
58914
58916
58918
58919
58920
58921
58923
58926
58929
58931
58940
58946
58947
58948
58961
58964
58965
58967
58968
58969
58970
58976
58977
58979
58985
58986
58997
58998
59000
59001
59016
59017
59021
59022
59026
59027
59030
59037
59038
59043
59046
59052
59066
59069
59074
59075
59077
59087
59095
59106
59107
59110
59111
59113
59117
59118
59121
59124
59125
59128
59129
59131
59139
59140
59141
59142
59155
59161
59162
59163
59167
59168
59170
59172
59175
59178
59180
59185
59187
59191
59193
59194
59212
59214
59217
59218
59224
59229
59230
59231
59232
59236
59237
59238
59241
59244
59245
59248
59251
59260
59265
59266
59270
59271
59276
59278
59298
59301
59303
59305
59314
59318
59328
59331
59332
59333
59335
59339
59340
59344
59345
59347
59348
59354
59356
59357
59372
59373
59377
59380
59381
59383
59390
59397
59401
59407
59414
59415
59426
59429
59430
59431
59433
59435
59437
59439
59440
59443
59446
59451
59457
59461
59463
59464
59466
59469
59473
59475
59476
59478
59479
59484
59487
59499
59502
59505
59508
59512
59516
59518
59520
59521
59523
59529
59531
59533
59534
59537
59541
59545
59548
59551
59556
59557
59558
59561
59562
59565
59567
59568
59571
59577
59580
59588
59596
59601
59607
59609
59613
59617
59618
59630
59632
59637
59640
59649
59654
59657
59662
59663
59665
59670
59673
59674
59684
59686
59694
59695
59696
59698
59699
59701
59703
59704
59706
59707
59709
59711
59713
59714
59717
59719
59721
59728
59735
59741
59742
59743
59746
59748
59752
59753
59758
59759
59769
59770
59773
59775
59776
59779
59783
59784
59785
59789
59790
59796
59812
59814
59817
59819
59820
59825
59826
59829
59830
59832
59834
59841
59848
59854
59856
59857
59861
59869
59877
59878
59882
59884
59888
59889
59890
59892
59893
59896
59898
59907
59909
59912
59913
59925
59942
59945
59946
59947
59948
59949
59952
59958
59960
59964
59965
59967
59968
59973
59978
59980
59981
59990
59993
60000
60001
60005
60007
60010
60011
60013
60015
60017
60018
60022
60023
60028
60029
60031
60033
60036
60039
60041
60042
60043
60044
60050
60056
60057
60060
60070
60071
60072
60074
60076
60078
60082
60086
60087
60090
60091
60097
60098
60099
60102
60104
60110
60119
60122
60126
60133
60138
60141
60149
60150
60151
60153
60157
60159
60164
60165
60166
60167
60177
60180
60183
60193
60194
60199
60200
60201
60205
60208
60221
60222
60223
60226
60232
60234
60236
60237
60238
60243
60257
60258
60259
60261
60265
60267
60268
60273
60275
60276
60278
60279
60287
60290
60297
60303
60307
60312
60313
60314
60315
60320
60321
60322
60325
60332
60335
60336
60340
60347
60348
60349
60352
60353
60354
60356
60358
60362
60363
60364
60372
60373
60375
60377
60378
60379
60382
60384
60387
60389
60391
60393
60398
60400
60405
60412
60422
60424
60429
60432
60433
60434
60437
60443
60444
60447
60448
60450
60452
60454
60455
60456
60462
60464
60465
60469
60470
60476
60480
60484
60495
60498
60500
60501
60503
60510
60514
60515
60516
60519
60522
60523
60525
60528
60533
60541
60546
60556
60560
60561
60569
60575
60577
60581
60583
60585
60589
60591
60596
60597
60598
60603
60607
60608
60610
60613
60615
60619
60620
60623
60632
60634
60636
60639
60649
60656
60657
60658
60662
60666
60668
60670
60671
60679
60681
60682
60683
60693
60694
60695
60701
60702
60707
60708
60716
60722
60723
60732
60733
60734
60737
60739
60741
60747
60750
60757
60758
60765
60766
60769
60775
60778
60779
60783
60784
60791
60794
60796
60798
60806
60808
60810
60813
60815
60835
60841
60844
60846
60851
60853
60854
60855
60857
60859
60867
60868
60871
60875
60879
60883
60889
60890
60900
60905
60908
60909
60910
60911
60916
60917
60921
60944
60946
60947
60949
60952
60958
60962
60964
60966
60968
60971
60972
60973
60974
60976
60977
60978
60988
60995
60996
60998
61001
61003
61004
61014
61023
61026
61031
61032
61045
61052
61055
61062
61063
61065
61068
61070
61077
61081
61083
61085
61089
61090
61091
61095
61099
61103
61107
61110
61115
)


// ************************************************************************* //
