/*--------------------------------*- C++ -*----------------------------------*\
| =========                 |                                                 |
| \\      /  F ield         | OpenFOAM: The Open Source CFD Toolbox           |
|  \\    /   O peration     | Version:  v2012                                 |
|   \\  /    A nd           | Website:  www.openfoam.com                      |
|    \\/     M anipulation  |                                                 |
\*---------------------------------------------------------------------------*/
FoamFile
{
    version     2.0;
    format      ascii;
    class       labelList;
    location    "constant/polyMesh";
    object      cellProcAddressing;
}
// * * * * * * * * * * * * * * * * * * * * * * * * * * * * * * * * * * * * * //


15335
(
7
11
12
15
22
36
37
39
41
44
45
46
47
54
55
56
59
60
62
66
67
68
71
73
81
82
85
95
96
97
104
105
118
120
125
127
131
133
136
138
139
144
147
149
150
152
153
157
163
164
167
170
172
175
180
188
189
192
195
203
206
218
226
227
233
237
238
242
244
248
250
258
260
263
266
267
269
283
286
288
293
298
299
310
331
332
333
339
343
350
354
356
367
369
377
378
384
387
389
390
392
394
396
399
401
403
408
411
414
416
418
422
428
432
434
439
440
443
447
451
454
458
459
477
481
487
498
500
505
506
509
517
520
533
539
543
545
549
551
555
558
559
568
572
576
583
591
603
605
606
607
612
622
625
628
634
640
642
645
651
652
654
656
661
663
664
666
669
671
681
685
688
694
699
700
702
708
710
717
719
728
732
733
736
739
747
751
756
758
766
767
778
780
782
783
784
785
787
792
793
794
795
799
803
805
810
816
820
826
827
836
839
841
852
857
862
868
871
876
878
884
888
891
895
896
898
900
901
903
914
918
920
921
936
945
950
951
954
955
957
958
962
967
968
975
997
1001
1009
1012
1015
1016
1024
1030
1037
1038
1042
1045
1048
1050
1051
1055
1065
1067
1069
1072
1081
1094
1097
1099
1100
1103
1104
1107
1113
1121
1122
1130
1133
1135
1142
1144
1148
1150
1151
1161
1162
1168
1172
1177
1180
1189
1197
1210
1212
1219
1224
1230
1232
1242
1252
1254
1261
1263
1265
1266
1269
1271
1272
1274
1277
1281
1284
1286
1294
1296
1298
1304
1307
1310
1316
1317
1330
1334
1338
1343
1344
1348
1351
1355
1356
1364
1369
1370
1372
1376
1387
1389
1392
1400
1403
1407
1417
1422
1427
1431
1432
1435
1446
1449
1459
1461
1474
1476
1482
1483
1485
1503
1507
1512
1513
1520
1535
1537
1547
1550
1553
1556
1558
1561
1564
1579
1580
1582
1584
1587
1589
1595
1597
1604
1608
1615
1617
1626
1640
1641
1646
1648
1650
1651
1653
1666
1667
1671
1676
1706
1707
1709
1711
1713
1715
1716
1718
1723
1726
1728
1737
1739
1749
1750
1753
1758
1759
1765
1769
1770
1773
1779
1780
1783
1790
1791
1793
1796
1810
1817
1818
1822
1829
1833
1834
1837
1838
1849
1857
1862
1866
1871
1895
1899
1901
1914
1918
1925
1935
1939
1943
1950
1960
1964
1966
1970
1971
1979
1980
1982
1984
1996
2000
2001
2002
2004
2005
2008
2020
2030
2032
2040
2041
2044
2047
2048
2049
2051
2052
2059
2066
2072
2073
2075
2077
2079
2080
2092
2094
2100
2109
2120
2127
2130
2141
2142
2147
2157
2166
2179
2183
2186
2190
2191
2193
2206
2207
2213
2223
2224
2228
2232
2236
2238
2239
2242
2250
2253
2257
2258
2259
2260
2261
2262
2272
2277
2281
2291
2302
2305
2310
2314
2318
2321
2324
2325
2327
2329
2334
2340
2342
2343
2350
2353
2358
2364
2370
2373
2377
2402
2408
2409
2411
2412
2414
2418
2421
2423
2424
2430
2431
2435
2437
2439
2440
2442
2443
2445
2447
2448
2449
2455
2458
2464
2466
2470
2472
2474
2479
2480
2483
2486
2498
2503
2506
2513
2520
2521
2523
2539
2540
2541
2543
2547
2556
2559
2560
2564
2566
2570
2575
2576
2584
2591
2592
2597
2598
2599
2608
2609
2611
2618
2622
2623
2629
2632
2637
2638
2646
2653
2655
2657
2658
2660
2661
2671
2672
2674
2676
2678
2680
2684
2686
2687
2691
2693
2694
2695
2697
2700
2703
2707
2708
2711
2713
2714
2718
2721
2729
2734
2736
2746
2749
2750
2753
2754
2756
2759
2760
2761
2764
2768
2771
2772
2775
2777
2778
2785
2786
2787
2789
2793
2798
2802
2806
2807
2808
2815
2817
2818
2822
2823
2825
2827
2834
2836
2843
2849
2852
2853
2863
2870
2872
2881
2883
2885
2886
2890
2893
2897
2902
2905
2906
2908
2909
2910
2923
2924
2925
2929
2931
2934
2943
2949
2950
2958
2965
2967
2968
2970
2971
2972
2974
2988
2989
2990
2993
2994
2996
2998
3012
3016
3020
3026
3028
3036
3037
3041
3043
3048
3049
3054
3056
3057
3058
3070
3077
3092
3098
3103
3111
3115
3116
3118
3119
3120
3121
3132
3144
3146
3147
3152
3155
3156
3157
3161
3167
3178
3180
3182
3184
3188
3190
3193
3194
3196
3210
3215
3221
3222
3224
3226
3228
3229
3243
3249
3256
3262
3264
3265
3266
3270
3272
3276
3280
3283
3291
3298
3301
3304
3305
3313
3314
3315
3319
3320
3324
3325
3339
3340
3344
3353
3357
3360
3386
3389
3390
3395
3396
3402
3407
3414
3419
3429
3432
3443
3444
3447
3448
3453
3454
3458
3460
3461
3471
3475
3477
3478
3479
3481
3485
3486
3488
3497
3507
3509
3514
3517
3518
3526
3528
3546
3549
3558
3559
3567
3581
3582
3595
3598
3611
3615
3618
3638
3639
3646
3647
3651
3653
3654
3655
3667
3668
3676
3677
3680
3684
3688
3689
3691
3692
3705
3706
3708
3710
3726
3728
3729
3731
3734
3740
3745
3746
3757
3762
3776
3777
3779
3780
3804
3813
3814
3821
3836
3839
3840
3841
3842
3844
3846
3852
3853
3859
3861
3862
3864
3869
3881
3885
3896
3897
3899
3906
3913
3918
3933
3937
3943
3945
3956
3959
3966
3968
3970
3977
3980
3993
3998
4001
4005
4008
4009
4011
4015
4019
4023
4031
4032
4034
4036
4037
4042
4050
4051
4057
4070
4077
4079
4088
4089
4092
4094
4096
4100
4105
4109
4110
4118
4127
4130
4136
4139
4142
4146
4148
4154
4159
4172
4189
4195
4196
4201
4202
4207
4213
4214
4217
4226
4240
4241
4242
4243
4245
4246
4253
4254
4257
4261
4262
4263
4265
4266
4275
4279
4280
4281
4287
4291
4292
4295
4299
4312
4315
4317
4320
4328
4333
4334
4338
4339
4341
4344
4348
4351
4352
4357
4358
4362
4374
4380
4384
4386
4388
4389
4392
4396
4406
4412
4415
4416
4417
4419
4422
4423
4424
4435
4437
4441
4443
4446
4464
4465
4466
4470
4471
4473
4475
4478
4480
4483
4484
4491
4496
4497
4503
4508
4513
4516
4520
4521
4534
4542
4544
4545
4547
4554
4556
4558
4569
4579
4587
4588
4594
4595
4604
4605
4607
4608
4612
4614
4623
4629
4635
4640
4645
4646
4649
4650
4652
4665
4670
4685
4693
4695
4701
4703
4706
4716
4717
4718
4721
4722
4723
4725
4726
4728
4729
4741
4747
4757
4766
4768
4772
4775
4792
4795
4796
4801
4804
4806
4807
4810
4813
4826
4827
4832
4834
4836
4838
4843
4845
4848
4853
4858
4867
4869
4872
4873
4879
4880
4886
4887
4895
4898
4900
4901
4902
4912
4915
4916
4917
4919
4932
4936
4937
4946
4949
4954
4956
4959
4961
4979
4980
4981
4984
4990
4999
5000
5002
5005
5007
5009
5011
5022
5032
5035
5039
5040
5049
5051
5054
5062
5065
5068
5077
5079
5080
5083
5084
5086
5088
5092
5101
5103
5116
5118
5127
5134
5135
5137
5138
5142
5146
5150
5153
5154
5155
5160
5161
5166
5171
5177
5179
5180
5181
5182
5193
5198
5207
5210
5212
5217
5232
5245
5252
5253
5259
5266
5278
5285
5286
5288
5289
5290
5292
5293
5302
5305
5306
5320
5328
5341
5345
5346
5359
5363
5369
5375
5389
5392
5393
5394
5399
5403
5415
5417
5418
5421
5422
5423
5430
5432
5439
5442
5444
5451
5455
5456
5458
5465
5467
5470
5472
5477
5478
5480
5481
5482
5485
5487
5488
5489
5492
5499
5507
5509
5510
5513
5516
5518
5523
5524
5534
5535
5537
5538
5540
5552
5554
5562
5563
5564
5566
5572
5576
5578
5583
5584
5592
5594
5597
5598
5606
5616
5618
5620
5622
5624
5625
5629
5634
5637
5648
5649
5650
5664
5665
5686
5688
5700
5714
5715
5726
5734
5738
5739
5748
5753
5754
5758
5759
5764
5775
5782
5784
5787
5794
5795
5796
5799
5800
5802
5810
5812
5813
5814
5822
5823
5836
5839
5841
5846
5847
5849
5850
5852
5859
5862
5865
5868
5870
5872
5877
5880
5887
5902
5905
5915
5916
5929
5931
5939
5942
5945
5946
5955
5961
5975
5982
5985
5986
5987
6004
6006
6008
6010
6012
6018
6019
6024
6033
6035
6040
6044
6047
6051
6053
6055
6058
6062
6068
6074
6081
6087
6089
6091
6097
6098
6103
6105
6107
6109
6115
6117
6118
6120
6124
6129
6135
6136
6138
6153
6157
6164
6165
6174
6177
6182
6188
6189
6190
6194
6199
6200
6201
6203
6215
6225
6234
6238
6239
6242
6249
6250
6258
6260
6263
6264
6271
6272
6285
6286
6294
6303
6308
6311
6314
6317
6318
6323
6332
6334
6337
6339
6340
6350
6352
6354
6356
6357
6358
6362
6365
6375
6381
6387
6396
6400
6404
6407
6415
6420
6421
6426
6430
6432
6435
6446
6448
6451
6452
6458
6467
6470
6480
6485
6488
6490
6496
6497
6499
6500
6511
6519
6522
6526
6531
6538
6539
6540
6546
6552
6558
6567
6570
6577
6580
6585
6587
6589
6590
6594
6599
6601
6610
6613
6615
6628
6634
6638
6639
6640
6653
6656
6665
6666
6667
6668
6677
6678
6681
6688
6690
6694
6698
6699
6701
6706
6709
6712
6713
6719
6720
6727
6728
6733
6736
6737
6739
6740
6752
6753
6756
6757
6759
6768
6771
6777
6783
6786
6799
6804
6807
6808
6809
6813
6816
6820
6825
6826
6827
6831
6832
6833
6837
6841
6851
6852
6856
6860
6861
6863
6866
6870
6876
6880
6884
6886
6889
6890
6894
6895
6896
6897
6902
6912
6924
6927
6934
6937
6938
6942
6946
6947
6950
6953
6954
6955
6956
6958
6963
6965
6970
6979
6987
6989
6990
6997
6999
7004
7010
7011
7015
7018
7019
7032
7033
7041
7045
7048
7060
7064
7067
7068
7076
7078
7087
7090
7094
7097
7120
7126
7130
7132
7140
7142
7152
7153
7156
7159
7163
7166
7173
7178
7180
7188
7195
7205
7211
7216
7224
7226
7232
7236
7242
7243
7246
7248
7253
7259
7267
7273
7278
7279
7280
7283
7287
7294
7304
7310
7311
7324
7325
7341
7347
7350
7352
7354
7370
7371
7376
7378
7388
7406
7413
7421
7422
7426
7429
7443
7446
7451
7458
7462
7467
7468
7472
7473
7478
7484
7490
7497
7507
7513
7520
7521
7534
7536
7549
7566
7567
7569
7577
7586
7590
7591
7594
7595
7601
7626
7627
7632
7641
7642
7651
7654
7656
7657
7662
7677
7681
7683
7698
7703
7712
7714
7715
7719
7730
7733
7740
7744
7753
7755
7757
7759
7778
7782
7783
7799
7805
7807
7809
7812
7816
7820
7825
7842
7847
7850
7851
7854
7859
7867
7869
7870
7871
7872
7876
7881
7888
7890
7891
7893
7896
7897
7898
7902
7903
7905
7909
7910
7912
7914
7922
7925
7931
7932
7934
7939
7943
7950
7953
7965
7971
7975
7982
7985
7991
7996
7997
8002
8003
8004
8005
8007
8008
8010
8011
8014
8016
8026
8033
8037
8048
8051
8056
8061
8065
8066
8068
8070
8074
8076
8080
8102
8105
8109
8117
8120
8121
8126
8130
8131
8133
8134
8139
8147
8149
8213
8217
8223
8224
8225
8231
8241
8247
8252
8254
8256
8259
8269
8282
8286
8294
8295
8308
8321
8326
8327
8330
8342
8345
8351
8355
8368
8372
8378
8387
8390
8391
8394
8403
8404
8405
8412
8414
8417
8439
8443
8452
8455
8457
8458
8459
8460
8468
8474
8477
8482
8491
8492
8498
8503
8512
8514
8520
8524
8537
8538
8551
8555
8560
8562
8565
8572
8573
8584
8585
8589
8593
8594
8599
8602
8603
8605
8608
8609
8625
8630
8641
8642
8646
8653
8654
8656
8667
8671
8672
8674
8680
8681
8687
8689
8690
8700
8705
8708
8709
8716
8718
8720
8721
8722
8735
8737
8739
8742
8743
8746
8753
8756
8758
8759
8761
8763
8769
8770
8771
8775
8776
8783
8798
8800
8803
8805
8813
8816
8818
8825
8829
8835
8837
8842
8844
8851
8854
8856
8865
8868
8879
8880
8881
8882
8885
8888
8891
8904
8906
8912
8913
8919
8930
8933
8940
8945
8952
8956
8961
8962
8967
8971
8974
8990
8991
8996
8997
8999
9006
9008
9019
9021
9030
9044
9048
9055
9057
9063
9066
9077
9079
9085
9089
9098
9100
9119
9121
9125
9126
9133
9137
9138
9139
9148
9149
9152
9153
9160
9161
9163
9168
9169
9174
9176
9177
9180
9182
9187
9188
9191
9195
9200
9204
9208
9209
9210
9215
9232
9233
9235
9241
9243
9244
9251
9271
9272
9276
9280
9292
9294
9296
9305
9309
9313
9321
9323
9325
9331
9333
9334
9335
9338
9341
9347
9349
9351
9352
9353
9357
9360
9370
9374
9378
9383
9396
9408
9417
9419
9421
9424
9425
9448
9452
9459
9466
9470
9480
9482
9484
9492
9501
9504
9511
9519
9523
9526
9535
9541
9542
9545
9547
9550
9555
9564
9572
9575
9590
9594
9598
9600
9607
9608
9616
9623
9629
9633
9634
9638
9641
9649
9657
9658
9659
9667
9669
9671
9676
9680
9687
9688
9691
9692
9693
9696
9700
9707
9708
9709
9720
9723
9742
9743
9744
9748
9758
9764
9774
9776
9781
9783
9784
9793
9794
9798
9801
9806
9812
9820
9821
9824
9829
9831
9833
9835
9840
9849
9850
9854
9859
9861
9870
9873
9876
9883
9884
9888
9892
9895
9896
9898
9901
9908
9909
9921
9924
9927
9928
9929
9932
9934
9935
9941
9960
9961
9964
9965
9968
9982
9991
9997
10000
10003
10004
10005
10024
10028
10033
10039
10041
10050
10054
10060
10065
10067
10075
10077
10082
10094
10099
10101
10102
10111
10118
10125
10131
10135
10136
10137
10140
10141
10147
10168
10177
10181
10185
10188
10189
10190
10199
10200
10211
10213
10217
10222
10227
10228
10231
10236
10237
10239
10247
10253
10257
10259
10260
10261
10264
10265
10276
10283
10292
10302
10306
10310
10312
10315
10323
10325
10327
10354
10367
10377
10387
10393
10395
10396
10397
10398
10407
10408
10417
10425
10440
10441
10443
10452
10453
10458
10470
10489
10492
10493
10502
10507
10515
10523
10526
10529
10532
10539
10540
10541
10543
10548
10549
10555
10562
10571
10574
10575
10579
10581
10597
10598
10599
10600
10606
10609
10617
10620
10633
10634
10637
10638
10646
10661
10665
10667
10676
10678
10687
10688
10691
10693
10695
10703
10711
10714
10716
10718
10727
10729
10736
10742
10748
10753
10759
10763
10767
10769
10770
10771
10774
10778
10785
10794
10795
10796
10798
10808
10816
10819
10821
10830
10858
10860
10864
10865
10868
10871
10875
10876
10878
10881
10890
10892
10895
10899
10900
10922
10929
10932
10943
10955
10961
10965
10975
10985
10986
10999
11011
11018
11019
11020
11024
11025
11029
11030
11032
11035
11036
11037
11043
11044
11052
11062
11069
11093
11102
11104
11109
11113
11115
11124
11130
11133
11137
11140
11146
11149
11150
11153
11156
11158
11159
11160
11162
11163
11168
11169
11174
11175
11178
11180
11182
11185
11187
11192
11193
11194
11199
11208
11212
11214
11230
11243
11245
11250
11251
11252
11260
11267
11270
11271
11277
11279
11282
11289
11293
11300
11303
11305
11309
11312
11315
11318
11321
11325
11332
11341
11343
11353
11357
11358
11359
11360
11361
11370
11372
11378
11392
11393
11395
11398
11399
11402
11403
11406
11407
11410
11413
11414
11419
11425
11443
11445
11452
11455
11456
11457
11465
11466
11468
11478
11495
11498
11509
11525
11527
11530
11531
11532
11536
11537
11540
11543
11545
11551
11552
11555
11558
11564
11566
11567
11569
11580
11583
11588
11601
11608
11610
11611
11620
11623
11629
11632
11646
11649
11650
11651
11655
11674
11680
11681
11691
11695
11697
11698
11703
11704
11715
11716
11719
11721
11724
11732
11738
11753
11754
11756
11765
11767
11773
11779
11793
11799
11801
11810
11812
11816
11827
11829
11842
11850
11863
11871
11872
11875
11877
11878
11883
11884
11891
11901
11918
11919
11937
11955
11961
11962
11975
11982
11994
12015
12019
12034
12042
12051
12074
12087
12093
12111
12120
12128
12132
12134
12148
12152
12158
12160
12163
12166
12169
12170
12184
12186
12205
12206
12216
12225
12226
12241
12248
12264
12266
12275
12279
12281
12286
12287
12289
12294
12296
12299
12314
12320
12321
12337
12357
12362
12374
12376
12386
12387
12390
12391
12393
12394
12396
12397
12409
12429
12434
12436
12440
12446
12448
12449
12452
12453
12454
12472
12483
12484
12486
12487
12496
12501
12502
12506
12517
12518
12541
12544
12545
12549
12550
12558
12567
12582
12600
12634
12640
12649
12652
12659
12670
12672
12674
12678
12680
12681
12685
12687
12688
12690
12693
12694
12695
12696
12700
12709
12713
12715
12718
12720
12730
12731
12732
12734
12737
12740
12742
12743
12745
12747
12750
12753
12756
12757
12758
12770
12772
12773
12777
12786
12809
12816
12819
12821
12823
12825
12828
12837
12839
12845
12851
12855
12862
12865
12866
12876
12877
12881
12889
12896
12902
12919
12924
12927
12929
12939
12944
12945
12949
12951
12952
12964
12969
12972
12975
12977
12987
12996
12999
13003
13012
13018
13025
13048
13053
13055
13070
13071
13072
13075
13077
13081
13092
13096
13100
13106
13122
13123
13136
13140
13141
13148
13168
13173
13178
13184
13190
13191
13200
13208
13215
13222
13223
13225
13227
13234
13246
13253
13255
13266
13268
13280
13287
13290
13294
13301
13305
13310
13315
13320
13321
13325
13333
13335
13343
13349
13352
13353
13368
13369
13370
13387
13388
13389
13399
13402
13403
13407
13411
13412
13433
13438
13444
13445
13448
13453
13462
13469
13476
13478
13481
13484
13486
13490
13492
13494
13503
13517
13520
13524
13526
13528
13548
13552
13557
13564
13571
13578
13588
13602
13604
13607
13620
13623
13634
13638
13659
13661
13665
13672
13675
13676
13677
13681
13704
13712
13724
13726
13746
13752
13759
13763
13774
13796
13800
13801
13817
13820
13824
13834
13838
13839
13849
13858
13859
13861
13868
13892
13898
13902
13904
13922
13925
13936
13937
13944
13952
13953
13954
13981
13988
14002
14009
14010
14019
14021
14022
14025
14040
14043
14046
14053
14058
14068
14074
14075
14086
14090
14094
14095
14096
14097
14098
14103
14117
14122
14127
14129
14141
14144
14147
14148
14149
14164
14166
14170
14172
14180
14200
14202
14205
14207
14213
14219
14222
14223
14228
14229
14234
14236
14239
14245
14257
14261
14262
14263
14271
14279
14289
14296
14297
14303
14307
14311
14316
14324
14329
14330
14334
14335
14339
14343
14351
14370
14372
14373
14375
14378
14384
14386
14392
14393
14399
14401
14414
14417
14425
14426
14427
14436
14441
14444
14445
14452
14459
14466
14476
14492
14494
14503
14507
14508
14509
14511
14517
14519
14525
14533
14539
14541
14542
14547
14550
14557
14558
14562
14563
14569
14571
14572
14573
14588
14606
14608
14614
14617
14619
14624
14633
14638
14640
14641
14647
14648
14650
14666
14670
14679
14682
14687
14689
14691
14695
14700
14701
14726
14732
14736
14741
14746
14751
14753
14754
14757
14768
14770
14771
14776
14779
14788
14793
14794
14799
14802
14811
14816
14829
14836
14846
14860
14863
14874
14882
14884
14885
14886
14887
14892
14899
14903
14909
14923
14924
14925
14939
14942
14958
14960
14961
14962
14963
14975
14977
14978
14986
14989
14998
15021
15026
15028
15030
15037
15039
15047
15050
15052
15063
15071
15077
15085
15092
15094
15107
15113
15117
15119
15122
15127
15142
15145
15151
15152
15157
15160
15163
15169
15171
15172
15174
15179
15182
15183
15188
15190
15194
15202
15205
15207
15219
15224
15225
15227
15242
15251
15264
15266
15275
15276
15291
15292
15296
15301
15303
15305
15308
15311
15313
15316
15321
15324
15328
15332
15335
15337
15345
15346
15353
15362
15363
15368
15383
15385
15386
15388
15390
15401
15405
15408
15415
15417
15433
15435
15437
15440
15443
15444
15454
15455
15459
15464
15472
15476
15477
15479
15488
15495
15496
15506
15511
15518
15520
15529
15533
15536
15541
15543
15545
15547
15559
15561
15568
15575
15585
15587
15592
15593
15594
15596
15598
15600
15601
15602
15607
15626
15634
15639
15649
15654
15660
15669
15676
15679
15680
15682
15686
15687
15692
15700
15710
15711
15713
15718
15720
15723
15724
15726
15731
15736
15737
15741
15753
15763
15764
15775
15776
15777
15782
15791
15797
15802
15805
15808
15814
15819
15821
15830
15835
15837
15847
15855
15856
15860
15864
15866
15870
15877
15882
15884
15885
15886
15891
15896
15900
15901
15906
15913
15926
15927
15928
15935
15937
15938
15943
15945
15949
15953
15957
15958
15959
15967
15968
15972
15973
15974
15975
15976
15983
15984
15988
15990
15994
16005
16009
16013
16014
16015
16016
16017
16018
16022
16024
16030
16031
16038
16039
16051
16052
16053
16055
16057
16063
16066
16067
16078
16083
16088
16094
16095
16096
16098
16100
16105
16108
16110
16113
16114
16121
16124
16130
16134
16136
16140
16142
16145
16146
16148
16151
16154
16160
16161
16165
16166
16167
16170
16171
16174
16181
16190
16196
16198
16202
16205
16206
16207
16208
16209
16210
16211
16212
16214
16219
16221
16222
16224
16226
16228
16229
16231
16232
16234
16236
16237
16238
16239
16243
16249
16252
16253
16258
16260
16269
16274
16292
16306
16308
16310
16314
16325
16330
16333
16334
16335
16336
16337
16339
16341
16350
16353
16354
16361
16367
16369
16376
16377
16384
16388
16389
16394
16405
16408
16410
16413
16415
16420
16431
16433
16439
16440
16443
16449
16451
16460
16462
16464
16466
16467
16471
16475
16481
16482
16483
16486
16489
16496
16501
16509
16511
16525
16531
16537
16543
16544
16550
16551
16553
16554
16557
16558
16560
16562
16568
16571
16579
16581
16586
16592
16594
16598
16604
16605
16607
16610
16614
16616
16618
16622
16623
16626
16629
16633
16636
16638
16642
16644
16648
16654
16659
16671
16676
16678
16685
16686
16687
16688
16689
16692
16695
16700
16701
16702
16703
16704
16705
16707
16715
16721
16722
16727
16732
16734
16736
16740
16744
16747
16752
16757
16761
16764
16766
16767
16771
16775
16783
16786
16787
16788
16790
16798
16799
16802
16803
16809
16811
16813
16816
16818
16825
16829
16832
16834
16838
16840
16842
16851
16853
16857
16862
16864
16865
16866
16867
16884
16889
16890
16895
16896
16901
16905
16907
16908
16909
16910
16911
16929
16931
16939
16942
16944
16945
16950
16954
16958
16959
16964
16965
16970
16977
16981
16983
16988
17009
17010
17012
17017
17019
17021
17022
17032
17033
17034
17036
17037
17038
17039
17042
17045
17047
17049
17050
17051
17055
17061
17065
17067
17068
17070
17071
17072
17074
17076
17078
17081
17082
17085
17086
17087
17100
17101
17106
17110
17111
17117
17120
17124
17139
17153
17154
17164
17166
17168
17169
17174
17176
17181
17185
17187
17192
17193
17196
17199
17212
17213
17214
17219
17220
17222
17225
17226
17229
17230
17235
17248
17249
17255
17257
17259
17260
17265
17267
17269
17271
17279
17283
17284
17301
17303
17310
17316
17321
17324
17325
17331
17333
17334
17336
17337
17340
17341
17345
17347
17355
17360
17372
17375
17376
17382
17385
17387
17390
17391
17392
17394
17401
17407
17408
17409
17411
17412
17415
17416
17430
17433
17438
17443
17445
17452
17454
17462
17465
17466
17467
17470
17473
17476
17481
17482
17485
17492
17493
17497
17509
17512
17522
17526
17529
17530
17533
17534
17539
17540
17543
17549
17553
17559
17562
17563
17565
17571
17573
17574
17576
17577
17579
17583
17586
17589
17599
17602
17603
17612
17623
17636
17638
17639
17640
17644
17645
17646
17650
17651
17655
17657
17660
17662
17668
17675
17676
17677
17678
17681
17685
17686
17694
17695
17698
17701
17702
17705
17707
17709
17712
17715
17718
17719
17722
17727
17728
17731
17734
17739
17742
17751
17752
17754
17755
17756
17758
17759
17762
17767
17768
17770
17771
17773
17776
17779
17780
17782
17785
17793
17794
17797
17800
17801
17803
17807
17814
17818
17821
17824
17827
17828
17831
17842
17845
17847
17851
17852
17859
17861
17869
17871
17878
17880
17884
17892
17896
17901
17910
17913
17914
17917
17931
17932
17934
17935
17940
17944
17946
17948
17951
17954
17956
17957
17963
17971
17981
17983
17984
17996
18000
18001
18003
18005
18006
18008
18009
18010
18014
18023
18024
18027
18031
18033
18035
18036
18040
18041
18042
18045
18047
18048
18049
18051
18060
18066
18068
18070
18071
18073
18076
18077
18079
18082
18087
18088
18089
18090
18091
18104
18107
18108
18109
18116
18124
18127
18129
18130
18131
18132
18138
18139
18142
18154
18156
18157
18163
18166
18170
18171
18172
18176
18177
18180
18181
18188
18198
18202
18203
18205
18206
18213
18214
18218
18221
18226
18230
18231
18232
18233
18245
18247
18250
18252
18262
18266
18267
18268
18269
18271
18273
18276
18277
18284
18287
18289
18291
18292
18294
18296
18300
18302
18304
18305
18306
18312
18313
18319
18321
18332
18336
18344
18347
18348
18351
18353
18355
18362
18364
18368
18370
18378
18387
18388
18395
18400
18404
18406
18409
18410
18412
18415
18421
18430
18436
18443
18445
18447
18452
18454
18461
18463
18466
18479
18491
18493
18495
18496
18498
18504
18507
18510
18518
18519
18525
18526
18529
18530
18531
18533
18539
18542
18549
18553
18556
18557
18566
18567
18568
18572
18576
18583
18585
18590
18592
18597
18603
18606
18608
18613
18616
18625
18626
18631
18635
18636
18639
18640
18641
18645
18649
18650
18652
18654
18656
18658
18661
18663
18665
18666
18668
18669
18670
18675
18681
18687
18694
18699
18700
18703
18704
18706
18709
18711
18713
18723
18727
18728
18732
18733
18736
18737
18746
18749
18752
18754
18756
18757
18761
18762
18764
18766
18768
18780
18783
18784
18786
18787
18789
18792
18793
18795
18810
18813
18815
18818
18820
18821
18827
18832
18836
18839
18845
18846
18847
18848
18854
18855
18860
18862
18865
18867
18868
18874
18882
18887
18890
18903
18904
18905
18906
18907
18911
18919
18925
18926
18934
18935
18937
18938
18939
18940
18942
18944
18946
18960
18968
18969
18970
18973
18981
18995
18997
18998
19001
19009
19010
19012
19014
19015
19016
19017
19018
19030
19031
19034
19038
19042
19044
19046
19062
19065
19066
19067
19070
19092
19098
19114
19123
19125
19130
19131
19135
19137
19140
19152
19154
19156
19161
19163
19166
19171
19175
19193
19197
19198
19200
19203
19206
19209
19210
19212
19213
19218
19222
19226
19227
19231
19233
19234
19238
19239
19242
19243
19248
19265
19267
19272
19283
19292
19293
19298
19301
19304
19313
19315
19320
19321
19322
19323
19324
19325
19326
19335
19341
19346
19347
19349
19352
19353
19364
19370
19376
19379
19384
19404
19405
19408
19409
19411
19415
19419
19425
19428
19433
19436
19438
19441
19445
19450
19451
19454
19466
19469
19473
19474
19476
19478
19480
19484
19485
19488
19490
19493
19495
19500
19501
19503
19505
19518
19519
19522
19524
19525
19532
19539
19540
19544
19547
19548
19549
19552
19558
19562
19568
19569
19578
19588
19591
19594
19597
19598
19600
19601
19602
19603
19605
19608
19611
19612
19613
19615
19619
19631
19632
19634
19642
19643
19646
19650
19654
19667
19671
19674
19675
19676
19678
19683
19688
19693
19697
19706
19716
19721
19730
19735
19736
19745
19746
19756
19757
19758
19759
19760
19772
19773
19775
19780
19783
19788
19790
19791
19798
19799
19802
19803
19806
19808
19811
19814
19829
19833
19837
19841
19842
19845
19848
19852
19862
19868
19870
19871
19873
19880
19883
19885
19888
19890
19896
19897
19898
19901
19905
19906
19913
19920
19923
19925
19933
19936
19942
19949
19959
19963
19964
19969
19976
19977
19981
19986
19987
19992
19994
19995
19999
20004
20011
20015
20017
20023
20026
20028
20029
20030
20032
20034
20038
20040
20041
20044
20046
20055
20060
20062
20074
20083
20086
20096
20108
20111
20120
20126
20140
20150
20152
20160
20163
20170
20181
20183
20184
20185
20188
20192
20194
20203
20204
20205
20206
20209
20213
20217
20223
20233
20237
20240
20241
20243
20244
20255
20256
20258
20262
20274
20275
20276
20281
20285
20286
20289
20292
20293
20297
20303
20306
20310
20316
20318
20320
20321
20328
20331
20332
20335
20346
20347
20348
20353
20361
20369
20371
20373
20380
20381
20383
20385
20389
20391
20393
20398
20402
20408
20412
20414
20415
20417
20418
20423
20428
20440
20441
20449
20451
20458
20461
20462
20464
20479
20485
20486
20487
20492
20494
20495
20504
20512
20516
20517
20521
20529
20530
20532
20538
20541
20551
20552
20561
20571
20578
20579
20584
20587
20589
20590
20591
20597
20598
20609
20613
20615
20619
20620
20622
20625
20633
20647
20651
20656
20661
20662
20666
20668
20670
20671
20676
20681
20688
20695
20696
20700
20701
20703
20719
20722
20731
20739
20752
20778
20782
20784
20785
20795
20798
20803
20816
20819
20825
20829
20836
20842
20844
20845
20847
20854
20863
20872
20896
20897
20899
20903
20914
20915
20922
20923
20927
20929
20950
20955
20967
20968
20977
20978
20986
20989
20991
20996
21000
21005
21011
21015
21025
21035
21044
21046
21050
21052
21054
21056
21061
21071
21073
21077
21079
21080
21085
21086
21088
21091
21093
21094
21099
21116
21118
21122
21134
21136
21142
21143
21151
21155
21157
21158
21160
21166
21167
21169
21172
21173
21175
21177
21184
21189
21193
21201
21212
21214
21216
21223
21225
21226
21230
21232
21234
21235
21237
21239
21240
21242
21243
21258
21259
21264
21269
21272
21277
21285
21291
21295
21298
21301
21304
21307
21310
21317
21318
21319
21323
21336
21341
21343
21346
21349
21354
21358
21363
21364
21369
21371
21377
21378
21382
21384
21387
21395
21396
21400
21404
21407
21410
21413
21414
21419
21424
21430
21432
21452
21453
21454
21457
21463
21477
21481
21490
21508
21509
21515
21522
21527
21528
21531
21539
21546
21547
21559
21564
21576
21578
21582
21604
21611
21618
21621
21626
21627
21628
21629
21634
21635
21636
21643
21644
21647
21649
21651
21654
21655
21659
21661
21665
21671
21679
21686
21689
21694
21699
21701
21703
21704
21706
21708
21712
21714
21720
21723
21732
21743
21750
21758
21766
21768
21773
21793
21797
21807
21808
21812
21817
21821
21825
21829
21830
21831
21833
21837
21838
21840
21843
21853
21858
21859
21862
21866
21870
21875
21879
21882
21887
21889
21893
21894
21899
21907
21913
21918
21919
21920
21927
21930
21932
21934
21935
21937
21939
21947
21949
21954
21957
21959
21962
21963
21970
21972
21976
21978
21980
21986
21987
21989
21995
21996
22004
22005
22010
22020
22025
22029
22033
22043
22055
22061
22066
22070
22071
22073
22074
22078
22079
22080
22085
22087
22090
22092
22095
22100
22102
22107
22120
22121
22122
22125
22126
22133
22134
22137
22139
22140
22157
22158
22159
22160
22161
22168
22172
22173
22174
22178
22182
22186
22188
22195
22198
22201
22207
22212
22213
22215
22217
22218
22219
22228
22230
22233
22236
22241
22244
22248
22249
22250
22255
22259
22262
22263
22264
22265
22270
22272
22278
22279
22280
22281
22284
22286
22289
22290
22291
22298
22303
22306
22307
22308
22310
22311
22316
22320
22322
22329
22332
22333
22335
22338
22344
22345
22348
22349
22350
22352
22355
22356
22357
22359
22360
22366
22372
22374
22378
22380
22382
22383
22386
22387
22399
22403
22404
22407
22412
22414
22415
22418
22419
22426
22430
22437
22438
22439
22447
22451
22453
22455
22456
22460
22461
22464
22465
22466
22467
22468
22470
22472
22473
22474
22475
22476
22480
22484
22491
22496
22497
22500
22501
22506
22507
22509
22511
22513
22520
22521
22526
22527
22528
22533
22536
22537
22538
22541
22542
22544
22545
22546
22549
22550
22555
22565
22567
22569
22573
22575
22578
22580
22581
22583
22584
22586
22589
22593
22594
22600
22601
22602
22603
22605
22606
22608
22611
22612
22616
22617
22620
22622
22630
22631
22633
22645
22646
22649
22651
22652
22653
22657
22660
22661
22663
22664
22667
22670
22675
22678
22679
22683
22684
22690
22693
22696
22700
22705
22708
22709
22719
22722
22724
22725
22726
22728
22730
22734
22735
22740
22744
22748
22751
22754
22758
22759
22760
22763
22766
22767
22771
22788
22794
22795
22798
22802
22803
22809
22811
22812
22816
22822
22824
22827
22833
22836
22840
22849
22850
22852
22853
22866
22867
22875
22876
22877
22879
22886
22887
22888
22889
22890
22891
22895
22897
22898
22899
22903
22908
22909
22910
22911
22912
22913
22914
22915
22916
22917
22919
22925
22927
22930
22933
22936
22937
22942
22943
22947
22950
22955
22957
22958
22959
22964
22966
22967
22968
22973
22974
22975
22979
22980
22981
22988
22989
22994
22995
23005
23007
23008
23016
23021
23022
23023
23027
23031
23042
23043
23047
23048
23050
23052
23053
23054
23056
23057
23064
23066
23069
23070
23072
23077
23079
23081
23083
23086
23090
23091
23093
23095
23096
23097
23099
23100
23101
23104
23106
23108
23109
23110
23112
23114
23118
23119
23121
23123
23126
23129
23131
23132
23135
23139
23140
23142
23143
23146
23150
23154
23155
23156
23158
23163
23164
23167
23168
23169
23175
23176
23177
23178
23179
23180
23181
23189
23203
23208
23209
23210
23212
23217
23220
23221
23223
23224
23225
23226
23227
23231
23232
23235
23236
23241
23243
23246
23249
23252
23260
23263
23264
23267
23268
23273
23274
23275
23276
23278
23280
23286
23290
23296
23297
23298
23299
23303
23304
23305
23306
23308
23311
23314
23316
23317
23318
23319
23321
23324
23325
23326
23327
23330
23334
23335
23340
23343
23345
23346
23347
23351
23352
23356
23358
23360
23362
23369
23371
23372
23373
23375
23377
23378
23379
23383
23384
23389
23394
23397
23401
23402
23404
23405
23406
23407
23409
23412
23413
23416
23424
23425
23429
23433
23436
23442
23446
23449
23450
23451
23454
23462
23463
23464
23466
23467
23469
23472
23473
23475
23476
23479
23483
23490
23491
23492
23494
23495
23496
23497
23499
23501
23510
23513
23515
23516
23521
23528
23532
23533
23543
23545
23546
23547
23549
23551
23553
23555
23558
23559
23562
23563
23570
23571
23573
23576
23579
23580
23581
23582
23583
23584
23587
23588
23589
23592
23593
23596
23599
23602
23604
23607
23609
23611
23613
23614
23616
23617
23618
23620
23621
23622
23623
23624
23626
23630
23634
23636
23637
23638
23644
23646
23653
23656
23657
23661
23663
23667
23668
23669
23670
23671
23673
23674
23680
23681
23683
23685
23687
23688
23691
23692
23693
23695
23696
23698
23701
23704
23705
23710
23711
23713
23715
23716
23719
23720
23722
23726
23728
23736
23738
23740
23743
23746
23748
23749
23750
23751
23755
23756
23758
23761
23764
23765
23766
23767
23770
23774
23775
23777
23779
23781
23782
23784
23786
23787
23790
23796
23807
23809
23819
23821
23822
23823
23826
23828
23830
23837
23842
23848
23850
23851
23852
23854
23860
23861
23864
23866
23867
23869
23875
23877
23884
23887
23890
23891
23892
23893
23894
23898
23899
23900
23901
23906
23908
23909
23910
23911
23916
23921
23922
23924
23927
23928
23930
23931
23932
23933
23936
23937
23938
23939
23940
23941
23945
23946
23947
23948
23950
23952
23955
23956
23957
23960
23961
23964
23966
23968
23969
23972
23975
23976
23977
23980
23982
23983
23986
23987
23993
23995
23998
24001
24002
24007
24008
24010
24011
24013
24014
24019
24022
24024
24028
24029
24030
24031
24032
24036
24040
24042
24044
24045
24047
24049
24051
24053
24054
24055
24060
24061
24062
24067
24068
24072
24073
24077
24080
24081
24085
24086
24087
24090
24091
24094
24095
24097
24098
24101
24102
24105
24106
24110
24111
24113
24114
24115
24120
24121
24122
24127
24129
24130
24131
24136
24141
24142
24144
24146
24150
24152
24153
24155
24156
24157
24159
24160
24161
24163
24166
24167
24169
24173
24177
24178
24183
24186
24188
24191
24195
24196
24199
24202
24204
24208
24210
24211
24212
24217
24220
24221
24224
24230
24231
24233
24234
24235
24237
24238
24239
24245
24246
24251
24252
24253
24258
24259
24265
24266
24271
24272
24274
24275
24277
24279
24280
24282
24288
24289
24294
24295
24296
24297
24298
24299
24301
24305
24308
24309
24314
24316
24317
24321
24323
24324
24325
24328
24329
24331
24339
24343
24345
24346
24350
24353
24355
24358
24361
24362
24364
24365
24366
24367
24371
24374
24376
24387
24388
24389
24390
24392
24393
24396
24399
24401
24402
24403
24404
24405
24406
24408
24409
24410
24416
24418
24419
24420
24426
24427
24431
24432
24433
24436
24440
24443
24444
24446
24447
24454
24459
24466
24468
24476
24477
24479
24480
24482
24485
24490
24491
24493
24494
24496
24502
24504
24505
24507
24511
24512
24519
24522
24525
24526
24530
24532
24535
24540
24542
24544
24551
24554
24555
24556
24557
24565
24568
24570
24572
24573
24574
24577
24578
24579
24581
24584
24586
24601
24605
24606
24607
24608
24609
24610
24611
24612
24614
24615
24619
24621
24622
24625
24629
24630
24633
24634
24638
24642
24645
24648
24650
24651
24654
24658
24663
24664
24665
24667
24668
24669
24670
24672
24679
24682
24684
24698
24700
24702
24708
24709
24722
24723
24728
24729
24732
24733
24734
24736
24744
24746
24747
24748
24750
24752
24753
24759
24762
24764
24766
24767
24768
24770
24773
24775
24777
24781
24785
24786
24791
24796
24799
24805
24807
24809
24813
24814
24819
24821
24824
24828
24831
24833
24835
24838
24840
24842
24844
24847
24849
24855
24856
24858
24859
24862
24865
24866
24870
24873
24875
24877
24878
24880
24883
24885
24889
24893
24895
24897
24898
24900
24902
24904
24906
24907
24911
24912
24915
24917
24918
24920
24923
24927
24928
24938
24943
24944
24948
24953
24956
24959
24962
24963
24967
24968
24969
24972
24975
24976
24978
24979
24981
24982
24985
24986
24989
24990
24993
24994
24999
25002
25003
25007
25009
25015
25021
25028
25030
25036
25037
25039
25042
25043
25044
25049
25050
25052
25053
25054
25057
25064
25065
25070
25072
25073
25075
25077
25079
25080
25081
25083
25084
25088
25089
25090
25092
25094
25096
25103
25104
25107
25113
25114
25115
25116
25117
25124
25125
25126
25127
25129
25130
25132
25133
25134
25136
25140
25141
25144
25146
25151
25154
25160
25161
25163
25165
25166
25167
25170
25172
25176
25182
25183
25184
25186
25188
25193
25194
25195
25196
25197
25203
25206
25207
25209
25211
25215
25217
25220
25223
25225
25226
25229
25231
25232
25238
25239
25241
25246
25247
25249
25253
25255
25256
25259
25260
25261
25263
25265
25266
25269
25270
25271
25272
25276
25284
25288
25289
25292
25293
25296
25301
25305
25306
25307
25308
25310
25318
25319
25320
25325
25327
25328
25330
25331
25332
25334
25337
25339
25341
25346
25347
25348
25354
25355
25362
25365
25374
25379
25383
25384
25389
25390
25394
25398
25403
25406
25408
25409
25410
25411
25412
25417
25419
25421
25424
25425
25426
25429
25432
25435
25443
25444
25445
25446
25452
25453
25455
25456
25458
25459
25460
25461
25462
25464
25466
25468
25472
25473
25475
25480
25481
25483
25485
25487
25488
25490
25494
25497
25499
25501
25503
25504
25505
25510
25512
25515
25516
25517
25519
25522
25523
25527
25529
25530
25539
25541
25542
25544
25546
25547
25550
25551
25552
25553
25562
25563
25567
25570
25574
25576
25577
25579
25580
25582
25584
25585
25587
25588
25591
25598
25600
25604
25605
25606
25607
25609
25610
25612
25613
25617
25620
25624
25628
25631
25632
25635
25636
25637
25642
25643
25645
25647
25649
25651
25654
25656
25658
25659
25660
25663
25667
25668
25673
25675
25680
25685
25687
25690
25691
25692
25693
25697
25698
25700
25701
25705
25707
25709
25712
25714
25716
25719
25720
25723
25725
25726
25733
25734
25735
25739
25744
25745
25747
25748
25750
25751
25755
25756
25760
25762
25763
25764
25765
25768
25769
25770
25773
25775
25784
25788
25790
25795
25799
25801
25808
25809
25812
25815
25817
25818
25823
25824
25830
25838
25840
25842
25844
25845
25846
25850
25851
25852
25854
25855
25856
25859
25861
25862
25863
25864
25865
25867
25870
25871
25874
25875
25878
25887
25889
25891
25894
25895
25899
25901
25902
25905
25906
25908
25915
25917
25918
25920
25921
25922
25924
25925
25926
25927
25928
25929
25934
25935
25936
25938
25940
25941
25944
25945
25947
25948
25957
25964
25965
25966
25968
25969
25970
25972
25974
25978
25980
25981
25985
25986
25988
25990
25995
25997
26000
26006
26007
26011
26015
26017
26018
26021
26023
26025
26033
26034
26039
26041
26046
26049
26051
26056
26057
26059
26060
26074
26076
26077
26081
26087
26090
26093
26095
26096
26098
26099
26102
26107
26113
26114
26119
26121
26123
26127
26132
26133
26134
26135
26139
26140
26143
26145
26147
26148
26150
26151
26152
26156
26158
26159
26164
26165
26170
26171
26172
26173
26175
26176
26178
26180
26181
26182
26185
26193
26196
26197
26198
26199
26202
26204
26206
26209
26211
26217
26218
26221
26224
26226
26230
26231
26232
26235
26236
26237
26239
26240
26247
26248
26249
26252
26254
26255
26256
26262
26265
26269
26270
26275
26280
26282
26285
26288
26291
26292
26295
26298
26300
26308
26312
26315
26317
26321
26323
26324
26325
26329
26330
26335
26340
26343
26347
26349
26350
26352
26353
26355
26357
26359
26360
26366
26367
26369
26371
26372
26374
26375
26377
26378
26380
26381
26382
26383
26384
26385
26387
26388
26392
26394
26396
26397
26399
26400
26401
26404
26408
26412
26413
26415
26421
26423
26425
26429
26435
26436
26439
26449
26450
26452
26455
26461
26463
26464
26465
26466
26467
26469
26471
26474
26477
26479
26480
26484
26488
26490
26500
26518
26519
26520
26521
26522
26523
26527
26528
26529
26530
26531
26534
26545
26546
26547
26550
26551
26552
26553
26560
26561
26564
26566
26568
26572
26592
26593
26594
26595
26596
26597
26598
26599
26600
26601
26602
26603
26604
26605
26606
26607
26608
26611
26612
26613
26614
26617
26618
26620
26623
26625
26626
26627
26629
26630
26633
26634
26636
26638
26640
26641
26642
26643
26647
26650
26653
26654
26655
26658
26659
26662
26668
26671
26672
26673
26675
26679
26680
26683
26686
26688
26689
26690
26692
26693
26696
26700
26704
26705
26706
26708
26714
26715
26717
26718
26724
26727
26728
26731
26733
26734
26736
26745
26749
26750
26753
26756
26757
26758
26761
26766
26769
26772
26773
26777
26779
26784
26786
26787
26791
26792
26793
26795
26796
26797
26798
26800
26803
26807
26808
26813
26816
26817
26820
26822
26823
26827
26828
26830
26831
26839
26840
26842
26846
26852
26854
26858
26860
26861
26863
26864
26865
26869
26871
26873
26874
26875
26881
26882
26884
26885
26886
26887
26891
26892
26893
26894
26895
26896
26897
26899
26903
26907
26910
26913
26918
26921
26922
26923
26925
26932
26934
26937
26938
26939
26940
26941
26942
26943
26944
26945
26947
26948
26949
26950
26951
26952
26955
26956
26957
26959
26961
26966
26967
26969
26970
26975
26980
26983
26985
26986
26989
26991
26992
26993
26997
27002
27005
27008
27010
27011
27012
27013
27016
27018
27019
27021
27025
27030
27031
27032
27034
27037
27038
27039
27041
27042
27044
27050
27052
27053
27054
27056
27057
27059
27062
27065
27067
27068
27072
27076
27077
27079
27081
27084
27087
27093
27094
27095
27096
27097
27100
27101
27103
27104
27108
27116
27118
27120
27122
27124
27126
27129
27131
27132
27133
27134
27135
27136
27138
27139
27140
27141
27143
27145
27152
27156
27158
27159
27162
27166
27167
27168
27174
27180
27182
27183
27184
27188
27189
27190
27192
27194
27195
27196
27197
27200
27201
27205
27207
27210
27213
27215
27218
27219
27224
27227
27229
27230
27231
27232
27233
27235
27236
27237
27238
27239
27240
27242
27243
27244
27251
27257
27259
27260
27261
27263
27267
27268
27270
27271
27272
27274
27275
27279
27280
27281
27283
27284
27285
27288
27290
27291
27292
27293
27294
27295
27296
27299
27300
27302
27303
27305
27313
27314
27316
27317
27318
27320
27321
27323
27327
27329
27330
27333
27334
27335
27337
27338
27339
27340
27341
27344
27345
27355
27356
27357
27363
27364
27365
27367
27368
27369
27371
27372
27374
27375
27376
27378
27380
27384
27385
27387
27389
27390
27396
27398
27403
27407
27409
27411
27412
27416
27418
27419
27424
27426
27429
27434
27440
27445
27447
27450
27458
27459
27461
27464
27466
27469
27470
27475
27477
27478
27482
27483
27486
27489
27490
27493
27494
27495
27496
27498
27499
27502
27506
27508
27510
27512
27513
27514
27519
27523
27528
27534
27537
27539
27542
27544
27545
27546
27547
27548
27549
27550
27553
27554
27556
27557
27558
27559
27560
27565
27583
27584
27585
27587
27590
27594
27597
27598
27599
27605
27607
27610
27612
27614
27616
27620
27623
27625
27626
27628
27629
27632
27634
27635
27637
27639
27641
27642
27646
27647
27649
27650
27651
27653
27655
27656
27657
27661
27662
27667
27669
27670
27673
27674
27676
27677
27686
27689
27690
27691
27695
27698
27702
27705
27706
27707
27708
27709
27711
27712
27719
27721
27723
27726
27727
27731
27732
27734
27737
27738
27739
27740
27748
27750
27753
27754
27756
27757
27758
27760
27761
27763
27766
27767
27769
27774
27779
27784
27785
27787
27789
27790
27791
27796
27799
27800
27802
27806
27810
27813
27814
27815
27821
27824
27826
27827
27828
27830
27836
27840
27841
27842
27843
27850
27852
27853
27855
27859
27862
27864
27865
27867
27868
27871
27877
27881
27882
27883
27884
27886
27891
27892
27893
27899
27902
27906
27908
27909
27911
27914
27916
27920
27924
27929
27930
27931
27932
27934
27936
27937
27939
27940
27941
27942
27943
27944
27946
27950
27951
27953
27955
27958
27961
27962
27964
27967
27968
27970
27972
27974
27975
27976
27981
27982
27987
27991
27993
27996
28000
28004
28006
28007
28011
28014
28016
28018
28019
28020
28021
28022
28023
28024
28025
28032
28039
28042
28043
28051
28052
28053
28055
28056
28063
28065
28066
28069
28070
28072
28073
28076
28079
28082
28087
28088
28090
28091
28093
28095
28098
28099
28102
28107
28111
28113
28114
28119
28123
28124
28128
28131
28133
28134
28136
28138
28143
28147
28148
28149
28152
28159
28161
28162
28164
28165
28166
28167
28168
28169
28171
28172
28173
28174
28176
28179
28185
28187
28188
28189
28190
28191
28192
28194
28196
28198
28200
28201
28203
28210
28215
28217
28219
28224
28225
28226
28228
28232
28233
28234
28236
28238
28239
28242
28248
28250
28256
28257
28258
28262
28267
28269
28270
28271
28273
28274
28276
28279
28281
28283
28285
28287
28289
28293
28294
28295
28297
28298
28303
28304
28305
28307
28311
28313
28316
28321
28322
28323
28324
28325
28326
28328
28329
28330
28331
28333
28334
28335
28336
28337
28338
28339
28341
28345
28346
28350
28351
28353
28354
28364
28367
28371
28375
28376
28377
28379
28380
28382
28384
28392
28395
28399
28400
28402
28403
28409
28410
28414
28415
28416
28420
28424
28425
28426
28427
28428
28429
28430
28431
28433
28437
28442
28448
28449
28451
28458
28460
28464
28467
28468
28469
28472
28476
28481
28482
28490
28493
28494
28495
28497
28500
28508
28510
28511
28512
28515
28516
28517
28520
28521
28522
28523
28526
28527
28532
28533
28534
28535
28537
28544
28546
28547
28554
28556
28560
28562
28564
28565
28569
28570
28572
28573
28575
28577
28578
28580
28586
28588
28589
28592
28594
28595
28599
28603
28604
28605
28607
28613
28614
28617
28622
28623
28626
28628
28631
28632
28633
28635
28638
28640
28641
28646
28648
28649
28650
28653
28654
28655
28657
28660
28663
28664
28669
28670
28671
28673
28674
28675
28676
28680
28681
28682
28683
28684
28688
28690
28695
28697
28698
28706
28707
28708
28711
28712
28713
28715
28717
28724
28727
28729
28735
28741
28747
28749
28754
28762
28768
28770
28773
28777
28786
28787
28791
28794
28797
28798
28802
28805
28806
28808
28812
28813
28814
28819
28821
28823
28827
28828
28830
28831
28834
28837
28840
28843
28845
28852
28853
28854
28856
28868
28871
28872
28873
28874
28875
28880
28884
28887
28888
28889
28892
28893
28894
28897
28903
28904
28906
28914
28917
28918
28925
28926
28927
28930
28932
28934
28936
28937
28939
28943
28945
28946
28948
28949
28950
28951
28954
28956
28957
28959
28963
28964
28970
28972
28977
28978
28980
28981
28982
28985
28986
28988
28989
28990
28993
28994
28996
29002
29008
29013
29015
29020
29021
29023
29027
29030
29031
29033
29034
29036
29037
29039
29042
29044
29047
29049
29053
29055
29056
29058
29059
29067
29068
29071
29072
29076
29080
29084
29085
29091
29092
29094
29098
29102
29104
29105
29106
29109
29112
29113
29114
29115
29120
29121
29128
29129
29134
29139
29145
29147
29149
29152
29154
29156
29158
29159
29161
29167
29170
29172
29175
29181
29182
29184
29185
29190
29191
29193
29197
29201
29204
29206
29207
29211
29216
29219
29220
29221
29222
29227
29232
29233
29237
29240
29243
29244
29246
29250
29254
29255
29257
29258
29261
29262
29263
29265
29267
29268
29269
29270
29275
29279
29284
29286
29289
29291
29292
29293
29300
29301
29304
29305
29314
29316
29321
29325
29329
29330
29331
29333
29339
29342
29343
29354
29355
29358
29365
29366
29368
29370
29373
29375
29376
29377
29384
29387
29389
29392
29393
29395
29399
29401
29403
29408
29412
29413
29414
29416
29418
29419
29420
29421
29422
29427
29428
29429
29430
29434
29435
29441
29444
29446
29447
29449
29450
29452
29458
29460
29464
29470
29473
29476
29479
29482
29487
29493
29494
29496
29503
29504
29508
29511
29512
29514
29515
29518
29520
29524
29525
29527
29528
29529
29530
29531
29532
29534
29537
29540
29542
29544
29546
29548
29549
29553
29555
29557
29560
29564
29568
29569
29574
29575
29576
29581
29582
29584
29585
29586
29587
29591
29595
29597
29599
29600
29602
29603
29605
29606
29609
29613
29614
29616
29617
29619
29623
29627
29636
29638
29639
29642
29645
29647
29648
29650
29652
29655
29656
29657
29658
29660
29663
29664
29665
29668
29678
29679
29681
29688
29691
29693
29696
29702
29703
29704
29710
29717
29718
29723
29724
29728
29735
29736
29737
29738
29740
29741
29743
29745
29746
29747
29748
29749
29750
29756
29759
29762
29767
29768
29771
29773
29775
29778
29779
29785
29786
29791
29792
29793
29796
29797
29798
29800
29802
29803
29808
29812
29813
29814
29816
29818
29820
29821
29824
29827
29829
29832
29836
29839
29841
29843
29845
29846
29849
29850
29851
29853
29854
29855
29856
29857
29858
29859
29864
29870
29871
29874
29881
29885
29888
29891
29892
29895
29898
29899
29901
29902
29905
29908
29911
29916
29917
29920
29921
29924
29930
29931
29935
29939
29942
29943
29945
29946
29947
29950
29951
29957
29962
29963
29965
29966
29970
29979
29983
29984
29988
29990
29994
29995
29997
30000
30002
30004
30008
30009
30013
30014
30015
30019
30020
30021
30027
30028
30031
30036
30049
30050
30053
30056
30058
30059
30060
30066
30067
30068
30069
30070
30079
30080
30081
30085
30087
30088
30089
30090
30092
30102
30103
30105
30107
30108
30111
30113
30114
30116
30119
30120
30121
30126
30127
30128
30130
30135
30136
30140
30142
30144
30147
30149
30150
30152
30157
30159
30163
30166
30167
30171
30174
30177
30183
30186
30191
30194
30199
30200
30202
30203
30210
30211
30213
30225
30227
30232
30235
30236
30237
30245
30247
30250
30258
30259
30262
30266
30270
30271
30272
30273
30274
30277
30280
30282
30284
30286
30292
30295
30297
30298
30299
30300
30301
30303
30304
30305
30306
30311
30312
30313
30316
30317
30319
30320
30329
30332
30333
30338
30342
30344
30345
30348
30354
30355
30360
30363
30364
30366
30368
30369
30370
30371
30374
30378
30379
30380
30381
30383
30385
30389
30390
30393
30394
30395
30397
30399
30400
30405
30406
30407
30408
30409
30410
30411
30413
30414
30416
30417
30418
30419
30421
30427
30429
30431
30433
30435
30436
30438
30441
30442
30455
30457
30460
30463
30465
30471
30472
30475
30476
30477
30478
30479
30481
30484
30485
30486
30487
30488
30489
30492
30494
30498
30501
30505
30506
30508
30509
30510
30511
30513
30517
30519
30520
30521
30522
30527
30528
30530
30532
30534
30535
30536
30537
30538
30540
30541
30542
30545
30547
30548
30551
30552
30555
30556
30557
30559
30568
30571
30579
30580
30581
30584
30585
30588
30593
30599
30602
30603
30605
30607
30609
30613
30614
30617
30619
30620
30622
30624
30627
30628
30629
30631
30632
30639
30642
30644
30647
30649
30651
30654
30657
30663
30668
30669
30671
30673
30677
30679
30681
30683
30684
30685
30688
30695
30696
30701
30702
30706
30710
30711
30715
30716
30717
30719
30721
30723
30725
30727
30729
30730
30735
30737
30739
30741
30742
30744
30751
30753
30754
30755
30756
30758
30760
30767
30768
30770
30771
30779
30780
30781
30782
30784
30786
30787
30790
30793
30797
30800
30803
30805
30806
30811
30813
30816
30823
30840
30841
30852
30857
30859
30864
30869
30873
30875
30878
30879
30883
30885
30890
30892
30893
30894
30895
30896
30898
30901
30902
30903
30913
30915
30919
30923
30924
30926
30929
30930
30931
30932
30934
30936
30941
30945
30946
30949
30950
30953
30960
30961
30963
30967
30973
30974
30975
30977
30981
30983
30984
30991
30994
30996
30999
31008
31010
31012
31013
31015
31016
31021
31023
31024
31025
31027
31028
31029
31030
31031
31032
31033
31042
31043
31048
31050
31052
31053
31056
31057
31060
31063
31073
31078
31079
31083
31084
31087
31089
31090
31092
31096
31098
31099
31101
31102
31107
31110
31113
31120
31122
31124
31132
31136
31138
31145
31147
31149
31151
31155
31159
31164
31171
31172
31175
31176
31179
31181
31182
31183
31186
31187
31188
31190
31202
31207
31212
31213
31214
31215
31218
31219
31222
31229
31233
31244
31248
31251
31256
31257
31258
31272
31274
31279
31281
31290
31293
31295
31296
31299
31301
31307
31308
31310
31319
31320
31323
31324
31325
31329
31332
31333
31334
31337
31339
31355
31365
31370
31371
31372
31377
31379
31385
31394
31395
31398
31403
31412
31427
31431
31437
31438
31439
31446
31459
31468
31471
31473
31477
31481
31483
31484
31486
31487
31490
31495
31502
31503
31504
31508
31514
31517
31518
31519
31523
31525
31527
31537
31538
31543
31544
31545
31546
31552
31553
31554
31555
31558
31563
31564
31568
31570
31576
31580
31583
31584
31585
31588
31589
31592
31594
31596
31609
31614
31617
31620
31622
31623
31625
31634
31643
31646
31657
31659
31660
31663
31664
31665
31670
31671
31672
31679
31680
31681
31683
31685
31686
31688
31689
31691
31695
31698
31700
31702
31703
31704
31706
31715
31716
31721
31726
31731
31733
31734
31735
31737
31741
31746
31755
31758
31759
31761
31763
31765
31766
31768
31770
31775
31776
31779
31781
31783
31790
31791
31796
31799
31801
31807
31809
31812
31813
31814
31821
31827
31830
31832
31834
31838
31839
31840
31841
31848
31849
31854
31864
31865
31866
31868
31870
31872
31874
31875
31876
31882
31884
31885
31887
31888
31889
31890
31895
31903
31904
31907
31908
31913
31925
31926
31927
31930
31931
31935
31942
31948
31950
31952
31956
31957
31962
31965
31966
31969
31970
31971
31975
31981
31983
31995
31996
31998
32000
32001
32006
32008
32013
32015
32016
32017
32018
32021
32023
32027
32031
32037
32045
32046
32047
32056
32057
32058
32061
32063
32065
32067
32069
32070
32071
32076
32078
32079
32087
32088
32094
32096
32099
32101
32106
32107
32111
32112
32117
32122
32123
32136
32137
32139
32140
32141
32143
32153
32154
32157
32163
32170
32175
32187
32188
32189
32190
32195
32204
32209
32211
32215
32219
32220
32223
32225
32240
32242
32245
32251
32254
32256
32259
32260
32264
32265
32268
32269
32289
32290
32291
32293
32295
32300
32301
32304
32306
32312
32313
32324
32325
32329
32332
32338
32340
32342
32345
32349
32350
32352
32359
32361
32367
32368
32369
32374
32376
32383
32388
32390
32391
32393
32395
32397
32398
32402
32403
32404
32408
32414
32415
32420
32421
32436
32438
32445
32449
32457
32463
32467
32469
32471
32472
32477
32479
32480
32488
32490
32498
32509
32511
32513
32514
32525
32528
32536
32541
32544
32547
32549
32557
32560
32562
32567
32572
32576
32583
32587
32589
32595
32598
32599
32606
32608
32611
32614
32617
32618
32621
32623
32624
32629
32632
32637
32638
32650
32651
32654
32655
32656
32665
32671
32673
32675
32679
32680
32696
32702
32707
32708
32713
32728
32732
32733
32748
32749
32756
32762
32766
32767
32768
32779
32793
32800
32806
32814
32815
32821
32830
32832
32835
32841
32847
32849
32852
32863
32864
32866
32869
32872
32874
32877
32882
32883
32885
32888
32889
32894
32896
32902
32905
32911
32920
32926
32932
32936
32941
32948
32949
32950
32953
32958
32961
32962
32964
32968
32972
32980
32982
32986
32987
32993
32994
32998
32999
33005
33015
33017
33024
33026
33032
33034
33035
33037
33041
33045
33047
33049
33052
33057
33058
33060
33065
33066
33068
33072
33073
33078
33080
33092
33093
33097
33101
33109
33111
33113
33116
33119
33123
33127
33133
33134
33137
33139
33140
33141
33146
33151
33154
33156
33161
33162
33167
33178
33184
33185
33186
33194
33196
33202
33205
33206
33210
33211
33223
33228
33232
33233
33238
33240
33246
33250
33256
33257
33259
33264
33265
33269
33271
33276
33279
33280
33283
33285
33290
33302
33304
33307
33315
33316
33317
33322
33324
33326
33328
33332
33335
33336
33338
33339
33342
33347
33348
33351
33354
33365
33383
33395
33396
33399
33405
33408
33409
33418
33419
33420
33421
33430
33441
33448
33452
33455
33464
33465
33474
33476
33481
33484
33486
33487
33491
33498
33504
33514
33517
33524
33526
33535
33536
33537
33540
33543
33545
33547
33554
33562
33566
33567
33572
33576
33579
33580
33585
33586
33588
33589
33594
33595
33597
33598
33600
33603
33605
33612
33620
33626
33627
33631
33634
33642
33645
33646
33650
33653
33654
33660
33664
33669
33671
33678
33686
33688
33691
33694
33701
33706
33708
33713
33723
33725
33726
33735
33736
33737
33740
33745
33746
33751
33772
33773
33776
33779
33781
33788
33790
33791
33793
33801
33806
33808
33809
33810
33814
33818
33821
33831
33832
33833
33842
33845
33848
33850
33854
33860
33862
33864
33869
33871
33874
33877
33880
33881
33890
33895
33899
33904
33905
33906
33915
33916
33922
33923
33928
33930
33933
33934
33940
33942
33948
33950
33951
33953
33954
33955
33958
33959
33964
33969
33977
33980
33985
33986
33987
33991
34001
34008
34011
34012
34013
34020
34026
34030
34032
34037
34040
34044
34045
34046
34047
34048
34050
34053
34059
34063
34068
34071
34077
34078
34079
34083
34086
34089
34090
34091
34095
34096
34105
34119
34121
34124
34127
34135
34139
34140
34141
34142
34148
34151
34154
34156
34158
34170
34177
34178
34180
34187
34196
34197
34203
34205
34209
34214
34215
34219
34220
34222
34229
34238
34244
34254
34255
34259
34261
34264
34265
34266
34270
34277
34282
34286
34289
34290
34291
34292
34295
34297
34298
34307
34309
34313
34325
34327
34330
34332
34338
34339
34345
34348
34349
34354
34356
34372
34375
34377
34382
34387
34388
34393
34396
34398
34401
34402
34410
34412
34415
34418
34419
34427
34435
34438
34440
34450
34454
34459
34462
34465
34466
34471
34473
34477
34482
34486
34487
34488
34499
34506
34511
34514
34517
34518
34521
34526
34530
34534
34542
34543
34551
34552
34559
34562
34563
34564
34565
34570
34572
34573
34575
34576
34577
34579
34587
34590
34595
34612
34615
34616
34622
34623
34627
34628
34631
34633
34638
34642
34647
34648
34668
34673
34675
34677
34678
34684
34690
34698
34700
34703
34704
34706
34710
34723
34724
34725
34728
34733
34734
34736
34738
34740
34741
34753
34764
34780
34781
34783
34784
34788
34789
34792
34796
34798
34807
34808
34809
34815
34821
34823
34829
34831
34834
34835
34836
34844
34845
34850
34851
34854
34856
34861
34865
34880
34883
34884
34885
34892
34893
34904
34905
34908
34910
34913
34931
34932
34936
34942
34943
34947
34948
34951
34960
34963
34964
34968
34969
34970
34972
34980
34985
34991
34992
34995
34996
34999
35000
35001
35003
35004
35012
35016
35017
35018
35029
35030
35034
35040
35041
35042
35043
35046
35052
35057
35058
35061
35064
35069
35072
35073
35074
35075
35079
35081
35083
35087
35088
35089
35090
35093
35094
35102
35108
35109
35110
35111
35116
35122
35125
35127
35139
35141
35143
35146
35149
35150
35151
35155
35156
35157
35160
35163
35164
35169
35179
35181
35184
35188
35189
35191
35193
35195
35198
35201
35203
35206
35208
35210
35211
35212
35215
35220
35221
35223
35224
35226
35230
35231
35235
35239
35246
35248
35258
35260
35261
35267
35274
35275
35276
35277
35281
35282
35283
35284
35295
35296
35299
35301
35304
35310
35313
35314
35319
35320
35325
35327
35328
35332
35337
35338
35339
35342
35344
35353
35355
35356
35357
35358
35366
35367
35368
35370
35374
35377
35379
35383
35384
35386
35392
35394
35403
35404
35405
35406
35407
35408
35410
35418
35427
35441
35452
35453
35455
35456
35457
35458
35460
35463
35471
35472
35473
35474
35475
35476
35477
35479
35480
35481
35490
35491
35494
35499
35500
35502
35503
35504
35507
35508
35509
35517
35518
35521
35525
35531
35533
35538
35552
35556
35561
35564
35566
35571
35578
35579
35587
35588
35590
35595
35596
35601
35602
35606
35609
35611
35613
35622
35625
35628
35633
35636
35639
35640
35643
35645
35646
35648
35654
35655
35660
35661
35663
35669
35670
35671
35673
35681
35684
35685
35692
35694
35700
35710
35711
35713
35717
35719
35722
35724
35729
35732
35735
35739
35740
35743
35745
35759
35761
35762
35766
35776
35777
35782
35787
35790
35796
35798
35799
35800
35805
35811
35813
35817
35821
35822
35827
35830
35835
35837
35843
35844
35846
35847
35848
35849
35852
35853
35862
35863
35865
35866
35870
35871
35873
35878
35882
35883
35888
35896
35897
35903
35907
35908
35909
35910
35915
35925
35926
35928
35931
35932
35934
35936
35937
35943
35953
35955
35959
35960
35969
35973
35991
36005
36006
36026
36036
36043
36044
36049
36055
36068
36082
36085
36088
36089
36093
36103
36113
36114
36118
36122
36124
36132
36133
36136
36138
36140
36141
36145
36147
36150
36152
36155
36156
36158
36162
36165
36166
36167
36168
36169
36172
36185
36191
36193
36197
36198
36199
36210
36216
36218
36224
36226
36233
36236
36239
36245
36246
36249
36250
36253
36254
36269
36274
36285
36286
36288
36289
36290
36295
36297
36303
36305
36307
36309
36310
36313
36317
36319
36322
36323
36327
36328
36329
36331
36336
36338
36340
36344
36346
36349
36355
36361
36363
36366
36367
36369
36372
36375
36380
36381
36387
36389
36394
36396
36406
36408
36409
36413
36414
36432
36435
36443
36449
36450
36452
36458
36459
36460
36461
36464
36472
36476
36477
36495
36504
36506
36517
36519
36521
36523
36527
36531
36537
36538
36540
36546
36547
36552
36556
36557
36559
36571
36573
36574
36575
36576
36579
36581
36592
36593
36594
36602
36604
36606
36617
36619
36620
36621
36623
36624
36635
36650
36651
36653
36654
36657
36658
36659
36667
36671
36679
36684
36687
36690
36705
36714
36722
36723
36733
36750
36752
36758
36760
36767
36770
36779
36780
36781
36784
36786
36788
36794
36804
36810
36813
36816
36821
36824
36825
36844
36847
36852
36854
36860
36863
36870
36875
36877
36881
36888
36892
36897
36905
36906
36909
36913
36915
36916
36920
36924
36925
36931
36932
36937
36939
36945
36956
36957
36962
36963
36971
36981
36984
36987
36990
36991
36997
37006
37013
37018
37020
37030
37032
37045
37052
37053
37056
37059
37062
37064
37066
37077
37079
37086
37093
37095
37100
37103
37106
37108
37111
37113
37123
37125
37128
37139
37141
37142
37148
37157
37163
37170
37171
37176
37181
37183
37184
37188
37193
37199
37200
37203
37208
37209
37210
37213
37216
37219
37220
37225
37232
37235
37236
37240
37242
37248
37254
37255
37256
37258
37259
37262
37274
37275
37276
37278
37281
37288
37290
37294
37298
37299
37300
37306
37317
37320
37323
37325
37328
37330
37333
37334
37335
37336
37343
37349
37350
37351
37354
37355
37360
37367
37370
37371
37374
37377
37385
37388
37393
37401
37402
37412
37416
37417
37420
37423
37425
37429
37433
37436
37437
37443
37446
37448
37453
37454
37457
37458
37459
37468
37473
37475
37476
37477
37481
37484
37493
37494
37495
37510
37515
37522
37525
37532
37533
37536
37537
37552
37556
37564
37567
37572
37573
37574
37576
37577
37579
37580
37592
37602
37604
37608
37612
37626
37632
37633
37643
37645
37646
37656
37659
37664
37666
37667
37670
37673
37678
37682
37688
37691
37693
37698
37705
37706
37715
37728
37729
37730
37735
37742
37748
37750
37751
37755
37760
37761
37762
37764
37771
37775
37789
37791
37792
37793
37794
37795
37800
37802
37808
37809
37813
37814
37815
37816
37820
37824
37828
37832
37837
37839
37841
37845
37849
37853
37858
37860
37864
37875
37880
37883
37885
37896
37897
37899
37908
37915
37925
37930
37933
37939
37943
37945
37947
37948
37949
37951
37952
37956
37957
37960
37961
37963
37965
37966
37975
37976
37977
37978
37985
37989
37997
37999
38002
38006
38008
38009
38013
38014
38015
38016
38018
38021
38023
38033
38036
38041
38048
38050
38051
38056
38060
38063
38066
38073
38074
38079
38081
38083
38085
38088
38090
38091
38100
38108
38119
38122
38126
38128
38135
38136
38138
38140
38149
38150
38154
38158
38159
38163
38164
38165
38171
38172
38173
38177
38178
38181
38183
38186
38187
38190
38202
38210
38212
38215
38217
38225
38229
38230
38231
38233
38238
38239
38241
38242
38245
38246
38247
38249
38261
38262
38268
38271
38273
38282
38286
38287
38288
38297
38302
38303
38310
38312
38313
38314
38318
38321
38323
38332
38340
38343
38344
38346
38347
38350
38358
38360
38361
38362
38369
38386
38387
38389
38395
38401
38403
38404
38408
38413
38419
38425
38428
38433
38438
38439
38440
38442
38445
38448
38450
38455
38456
38460
38464
38465
38467
38473
38474
38476
38477
38478
38481
38486
38488
38489
38490
38491
38493
38495
38499
38500
38504
38506
38512
38515
38517
38520
38522
38523
38525
38526
38527
38528
38530
38532
38534
38535
38550
38552
38557
38561
38567
38569
38571
38583
38588
38590
38593
38595
38597
38598
38599
38600
38608
38609
38617
38618
38619
38621
38623
38629
38632
38633
38635
38639
38642
38645
38651
38655
38659
38666
38673
38675
38682
38684
38686
38689
38690
38691
38692
38693
38695
38699
38701
38702
38704
38710
38713
38727
38731
38733
38736
38750
38763
38764
38765
38766
38772
38774
38776
38777
38782
38783
38786
38787
38796
38802
38803
38804
38805
38810
38812
38815
38817
38818
38819
38824
38825
38829
38830
38833
38837
38842
38845
38846
38850
38851
38853
38856
38862
38863
38869
38870
38873
38877
38880
38884
38889
38896
38900
38902
38904
38906
38912
38916
38921
38928
38929
38930
38935
38942
38943
38944
38951
38952
38954
38955
38956
38958
38959
38963
38968
38969
38970
38971
38973
38977
38978
38986
38988
38992
38993
38994
39000
39001
39007
39010
39017
39018
39019
39022
39023
39024
39026
39027
39032
39038
39041
39042
39044
39056
39059
39062
39064
39065
39066
39067
39069
39076
39080
39082
39086
39087
39088
39092
39098
39099
39100
39101
39107
39109
39111
39112
39114
39115
39116
39118
39120
39134
39139
39140
39141
39143
39147
39149
39150
39153
39154
39156
39159
39161
39166
39170
39177
39178
39187
39190
39195
39199
39200
39211
39214
39215
39219
39225
39232
39235
39237
39240
39241
39244
39246
39252
39256
39260
39262
39266
39269
39292
39296
39299
39311
39312
39313
39316
39321
39325
39326
39331
39334
39335
39350
39353
39370
39372
39375
39383
39385
39389
39391
39395
39400
39402
39403
39406
39424
39431
39441
39442
39443
39448
39449
39452
39453
39454
39455
39461
39473
39475
39476
39477
39482
39486
39495
39506
39509
39512
39519
39520
39523
39524
39525
39529
39541
39552
39555
39557
39558
39575
39581
39582
39585
39587
39593
39596
39598
39601
39602
39604
39605
39611
39612
39615
39616
39617
39618
39622
39625
39629
39639
39655
39657
39660
39661
39663
39665
39668
39670
39674
39678
39679
39680
39687
39692
39703
39706
39707
39713
39715
39719
39720
39727
39736
39740
39742
39745
39749
39750
39753
39757
39759
39775
39776
39779
39789
39802
39805
39811
39816
39822
39833
39851
39855
39857
39867
39870
39877
39879
39884
39897
39900
39902
39919
39924
39928
39934
39937
39938
39939
39943
39952
39953
39954
39960
39966
39968
39975
39976
39981
39986
39992
39993
39997
40003
40008
40011
40012
40014
40016
40025
40027
40034
40036
40040
40043
40045
40049
40056
40057
40059
40066
40067
40068
40069
40072
40073
40074
40076
40078
40079
40080
40084
40086
40091
40093
40094
40100
40101
40105
40106
40107
40108
40110
40113
40116
40118
40119
40123
40126
40128
40131
40132
40137
40139
40140
40148
40149
40150
40152
40155
40159
40160
40164
40165
40168
40169
40171
40173
40185
40188
40190
40192
40196
40197
40198
40221
40226
40235
40239
40241
40245
40246
40259
40262
40264
40265
40267
40269
40270
40271
40272
40276
40277
40289
40295
40296
40297
40299
40308
40314
40317
40323
40326
40331
40338
40344
40350
40351
40357
40363
40365
40374
40376
40378
40380
40386
40388
40396
40399
40401
40404
40418
40419
40420
40421
40423
40429
40435
40441
40445
40448
40449
40450
40451
40454
40460
40463
40466
40476
40484
40487
40489
40500
40502
40503
40510
40512
40514
40517
40518
40523
40526
40531
40533
40537
40540
40542
40544
40547
40549
40559
40582
40584
40585
40597
40601
40604
40608
40609
40610
40613
40619
40620
40624
40625
40627
40642
40647
40657
40660
40661
40662
40664
40673
40674
40679
40681
40685
40687
40688
40689
40695
40696
40698
40702
40706
40710
40712
40715
40717
40718
40721
40722
40731
40732
40733
40734
40735
40737
40756
40758
40765
40768
40771
40777
40783
40786
40795
40796
40798
40799
40808
40809
40810
40815
40816
40817
40818
40821
40823
40826
40827
40834
40853
40865
40869
40878
40889
40890
40892
40897
40907
40912
40919
40923
40929
40931
40936
40943
40946
40947
40950
40954
40958
40959
40960
40967
40970
40973
40978
40987
40995
40997
41001
41006
41016
41022
41024
41026
41034
41038
41046
41048
41049
41058
41060
41061
41066
41073
41077
41078
41083
41088
41095
41096
41101
41107
41109
41113
41114
41118
41121
41125
41139
41140
41142
41145
41149
41159
41161
41188
41196
41197
41199
41201
41217
41223
41226
41232
41235
41242
41245
41255
41266
41280
41285
41288
41291
41293
41302
41308
41309
41310
41317
41329
41334
41337
41342
41350
41356
41362
41363
41372
41386
41396
41409
41418
41425
41426
41433
41434
41439
41440
41441
41444
41447
41448
41458
41459
41465
41468
41470
41474
41486
41487
41494
41498
41502
41510
41513
41514
41522
41523
41535
41540
41541
41543
41544
41545
41546
41548
41556
41558
41559
41567
41572
41579
41584
41585
41599
41601
41603
41606
41609
41613
41614
41617
41631
41635
41640
41643
41645
41651
41657
41658
41671
41680
41684
41685
41691
41706
41711
41712
41714
41719
41726
41733
41737
41738
41748
41752
41759
41763
41765
41767
41775
41778
41782
41793
41794
41796
41812
41813
41819
41832
41840
41843
41844
41845
41847
41852
41858
41862
41877
41881
41889
41891
41899
41908
41910
41914
41917
41921
41923
41925
41940
41944
41959
41974
41978
41988
41989
41991
41996
42001
42013
42019
42020
42021
42032
42035
42036
42038
42045
42048
42050
42052
42053
42054
42055
42059
42069
42074
42078
42082
42083
42093
42097
42102
42106
42109
42116
42117
42118
42119
42120
42122
42124
42131
42132
42133
42134
42139
42144
42152
42159
42162
42164
42170
42176
42179
42181
42183
42188
42189
42195
42205
42207
42208
42209
42218
42225
42227
42233
42236
42238
42247
42250
42251
42253
42254
42258
42260
42265
42270
42272
42276
42277
42279
42284
42295
42299
42305
42313
42315
42317
42319
42321
42323
42326
42329
42331
42332
42335
42344
42352
42355
42357
42358
42359
42367
42371
42379
42382
42388
42393
42398
42400
42410
42413
42418
42420
42422
42423
42436
42439
42440
42447
42460
42465
42467
42470
42473
42475
42478
42481
42487
42490
42505
42508
42513
42517
42519
42520
42522
42525
42531
42551
42553
42555
42572
42582
42583
42585
42587
42588
42590
42591
42594
42597
42599
42600
42603
42607
42614
42615
42621
42622
42631
42632
42634
42639
42640
42650
42652
42654
42662
42667
42668
42669
42671
42676
42677
42678
42683
42687
42703
42710
42715
42726
42728
42730
42737
42743
42744
42754
42756
42757
42765
42766
42767
42773
42778
42779
42784
42787
42792
42795
42796
42797
42798
42802
42823
42829
42838
42842
42848
42852
42860
42869
42870
42877
42883
42886
42891
42900
42904
42905
42918
42919
42938
42939
42944
42956
42962
42969
42972
42975
42979
42981
42982
42983
42998
43015
43018
43027
43028
43031
43041
43045
43048
43049
43052
43059
43061
43071
43090
43091
43095
43096
43098
43103
43107
43110
43116
43120
43129
43137
43138
43139
43155
43157
43163
43164
43170
43172
43180
43181
43187
43189
43193
43195
43199
43202
43203
43205
43207
43215
43219
43224
43230
43247
43252
43255
43256
43261
43262
43271
43274
43278
43286
43287
43297
43305
43311
43313
43325
43326
43334
43339
43345
43350
43360
43372
43376
43381
43394
43398
43403
43404
43406
43410
43412
43415
43417
43419
43428
43431
43442
43443
43460
43465
43467
43473
43477
43480
43482
43483
43485
43490
43497
43499
43504
43507
43516
43517
43518
43523
43525
43534
43547
43548
43550
43551
43556
43558
43559
43563
43565
43569
43571
43575
43578
43579
43580
43583
43584
43588
43592
43598
43602
43612
43614
43635
43638
43645
43649
43653
43659
43676
43687
43688
43695
43696
43698
43699
43700
43725
43728
43742
43768
43774
43780
43781
43783
43784
43785
43788
43789
43791
43793
43797
43801
43802
43813
43816
43824
43827
43833
43836
43840
43842
43848
43853
43858
43869
43871
43874
43876
43882
43886
43887
43890
43891
43892
43894
43899
43901
43902
43917
43921
43928
43930
43931
43936
43938
43947
43948
43950
43952
43956
43959
43965
43966
43967
43975
43985
43989
43990
43991
43992
43995
43997
44009
44010
44017
44022
44023
44041
44052
44056
44057
44058
44067
44070
44080
44083
44087
44088
44095
44105
44115
44117
44119
44121
44127
44134
44146
44149
44152
44153
44164
44169
44177
44178
44189
44191
44192
44193
44200
44201
44202
44207
44210
44212
44214
44223
44227
44236
44237
44245
44252
44257
44259
44261
44264
44273
44282
44290
44291
44295
44302
44316
44325
44331
44335
44338
44340
44347
44349
44351
44352
44356
44364
44369
44373
44374
44386
44388
44398
44403
44404
44416
44417
44420
44424
44428
44429
44440
44441
44442
44448
44451
44453
44476
44479
44487
44490
44492
44495
44502
44503
44507
44511
44514
44519
44520
44521
44526
44528
44531
44537
44538
44542
44544
44547
44551
44554
44555
44556
44558
44560
44561
44564
44586
44591
44594
44596
44599
44611
44625
44626
44627
44629
44630
44636
44640
44641
44642
44645
44647
44659
44661
44667
44675
44676
44681
44683
44692
44696
44702
44706
44711
44715
44717
44723
44724
44733
44736
44742
44749
44757
44759
44773
44791
44798
44836
44841
44855
44860
44861
44864
44872
44875
44883
44886
44888
44895
44897
44898
44900
44913
44917
44927
44931
44935
44937
44940
44946
44948
44949
44952
44954
44956
44958
44969
44972
44993
44998
45001
45012
45013
45037
45040
45041
45045
45047
45061
45069
45070
45071
45072
45079
45085
45094
45097
45099
45105
45106
45113
45115
45117
45122
45140
45146
45149
45167
45169
45173
45174
45176
45180
45186
45199
45202
45205
45207
45209
45211
45212
45213
45226
45229
45231
45234
45251
45252
45258
45260
45262
45273
45277
45280
45286
45302
45311
45317
45319
45322
45326
45331
45332
45339
45341
45342
45347
45355
45357
45358
45363
45366
45367
45370
45371
45385
45387
45388
45408
45410
45414
45416
45418
45421
45428
45431
45435
45445
45451
45459
45462
45464
45466
45469
45475
45481
45517
45527
45535
45537
45544
45546
45554
45562
45563
45570
45572
45573
45580
45587
45588
45592
45594
45595
45597
45599
45601
45603
45610
45614
45616
45618
45619
45623
45624
45638
45639
45651
45653
45658
45665
45667
45668
45669
45671
45672
45688
45689
45690
45691
45694
45697
45706
45708
45719
45728
45733
45734
45735
45742
45753
45755
45762
45764
45782
45785
45787
45793
45794
45795
45798
45800
45802
45805
45810
45811
45817
45820
45824
45830
45836
45839
45846
45847
45854
45855
45858
45861
45863
45869
45878
45879
45881
45883
45886
45887
45889
45893
45903
45904
45918
45923
45924
45926
45933
45934
45946
45947
45948
45950
45951
45956
45957
45958
45961
45968
45973
45975
45977
45979
45983
45987
45989
45991
45992
45997
45999
46001
46005
46009
46010
46012
46013
46017
46023
46027
46045
46046
46049
46053
46058
46061
46062
46064
46068
46070
46078
46079
46086
46094
46101
46103
46105
46114
46123
46126
46138
46139
46146
46148
46150
46156
46160
46161
46172
46176
46182
46186
46194
46196
46202
46209
46215
46221
46233
46236
46246
46247
46248
46251
46252
46261
46269
46271
46272
46275
46282
46283
46286
46295
46297
46299
46301
46304
46311
46321
46322
46326
46329
46337
46338
46347
46348
46351
46355
46363
46367
46369
46374
46400
46408
46409
46410
46411
46422
46427
46429
46432
46434
46437
46438
46441
46450
46461
46462
46463
46473
46478
46479
46480
46487
46492
46501
46504
46508
46510
46513
46518
46521
46536
46545
46564
46565
46571
46574
46580
46583
46589
46590
46604
46606
46612
46613
46624
46632
46638
46643
46644
46645
46654
46658
46670
46673
46678
46681
46685
46688
46691
46696
46698
46700
46704
46710
46711
46712
46713
46716
46718
46719
46749
46752
46755
46756
46760
46763
46766
46772
46775
46791
46793
46794
46801
46807
46809
46813
46816
46821
46830
46835
46848
46849
46857
46858
46874
46881
46883
46884
46893
46894
46907
46913
46919
46920
46923
46928
46930
46935
46939
46945
46947
46949
46951
46967
46969
46972
46981
46990
46992
47004
47016
47030
47031
47047
47054
47055
47057
47060
47064
47068
47087
47094
47118
47121
47124
47126
47136
47137
47155
47168
47169
47174
47176
47188
47189
47191
47195
47202
47208
47225
47230
47239
47242
47243
47244
47246
47248
47251
47258
47268
47269
47273
47274
47285
47287
47293
47298
47303
47306
47311
47318
47325
47329
47334
47340
47342
47344
47359
47363
47368
47369
47376
47387
47390
47395
47405
47412
47414
47434
47436
47437
47438
47446
47450
47454
47473
47480
47491
47499
47501
47517
47519
47523
47524
47526
47527
47528
47530
47547
47549
47555
47559
47565
47566
47567
47571
47572
47573
47576
47577
47578
47580
47583
47585
47597
47606
47613
47614
47617
47618
47619
47621
47629
47631
47633
47639
47640
47644
47645
47648
47652
47654
47656
47666
47667
47672
47674
47679
47683
47686
47689
47690
47694
47696
47710
47712
47714
47728
47732
47734
47735
47740
47744
47747
47748
47752
47758
47768
47770
47775
47776
47786
47811
47817
47818
47824
47827
47829
47835
47837
47841
47856
47861
47865
47873
47883
47885
47889
47894
47899
47905
47915
47923
47930
47937
47939
47941
47953
47954
47977
47987
47988
47996
47999
48001
48002
48003
48006
48007
48009
48013
48020
48021
48026
48038
48040
48052
48057
48068
48074
48079
48086
48090
48098
48101
48106
48107
48111
48112
48116
48118
48119
48129
48132
48139
48140
48141
48143
48154
48155
48157
48164
48166
48168
48169
48170
48171
48182
48185
48188
48203
48213
48224
48227
48237
48244
48254
48256
48257
48258
48264
48268
48278
48281
48286
48289
48292
48295
48306
48308
48317
48319
48321
48324
48328
48331
48333
48334
48335
48337
48340
48345
48346
48366
48367
48370
48371
48373
48381
48386
48387
48391
48392
48393
48397
48398
48399
48404
48415
48419
48422
48423
48426
48434
48441
48447
48449
48451
48453
48457
48473
48478
48488
48493
48494
48495
48497
48501
48516
48518
48526
48532
48538
48541
48548
48549
48555
48558
48561
48574
48576
48577
48579
48580
48589
48593
48603
48604
48608
48613
48620
48623
48627
48628
48645
48650
48661
48663
48669
48670
48674
48675
48676
48678
48690
48692
48696
48699
48701
48710
48715
48718
48721
48723
48726
48736
48739
48744
48755
48757
48759
48765
48769
48770
48773
48780
48782
48796
48799
48804
48805
48807
48816
48823
48824
48835
48839
48861
48865
48868
48869
48873
48875
48880
48885
48886
48890
48892
48896
48901
48908
48909
48911
48925
48932
48937
48951
48957
48963
48964
48967
48968
48971
48972
48981
48984
48988
48993
48994
48997
49000
49001
49002
49008
49009
49011
49024
49032
49037
49039
49044
49046
49050
49064
49067
49068
49070
49075
49076
49077
49088
49110
49112
49114
49115
49131
49132
49136
49137
49141
49146
49147
49148
49149
49152
49156
49162
49165
49173
49176
49189
49191
49193
49196
49204
49210
49213
49223
49230
49235
49243
49253
49260
49265
49266
49267
49269
49271
49273
49274
49275
49276
49280
49288
49290
49305
49309
49310
49313
49315
49316
49332
49335
49337
49339
49356
49357
49358
49363
49364
49365
49366
49367
49371
49375
49393
49403
49405
49419
49422
49427
49428
49430
49444
49446
49447
49451
49457
49462
49472
49474
49495
49498
49508
49510
49511
49515
49516
49525
49530
49532
49539
49545
49547
49550
49558
49562
49563
49567
49568
49575
49576
49577
49578
49583
49584
49586
49587
49590
49593
49598
49599
49603
49606
49607
49611
49614
49616
49621
49624
49637
49640
49646
49648
49649
49653
49655
49659
49667
49668
49670
49671
49672
49675
49676
49679
49680
49686
49687
49690
49691
49695
49705
49716
49721
49722
49724
49725
49726
49728
49729
49733
49735
49740
49744
49745
49747
49750
49755
49761
49763
49764
49771
49776
49780
49784
49787
49796
49803
49808
49815
49818
49824
49825
49831
49834
49837
49838
49841
49844
49845
49855
49862
49871
49875
49890
49895
49896
49899
49901
49904
49908
49912
49916
49919
49920
49925
49928
49930
49931
49937
49939
49943
49944
49947
49948
49950
49951
49957
49959
49966
49970
49997
49999
50000
50008
50011
50014
50018
50021
50022
50025
50026
50031
50037
50039
50040
50042
50043
50049
50071
50075
50078
50083
50091
50094
50099
50101
50116
50120
50121
50136
50138
50141
50151
50154
50156
50161
50165
50166
50167
50169
50170
50171
50182
50191
50195
50203
50206
50211
50213
50216
50218
50222
50224
50228
50243
50250
50260
50261
50281
50286
50290
50297
50311
50317
50318
50319
50334
50338
50339
50340
50343
50353
50365
50367
50373
50377
50379
50386
50389
50391
50392
50402
50406
50408
50409
50412
50413
50420
50431
50432
50449
50451
50453
50455
50474
50482
50486
50493
50494
50504
50509
50513
50518
50528
50537
50575
50580
50581
50584
50587
50589
50590
50591
50593
50594
50599
50600
50603
50616
50626
50630
50632
50633
50634
50641
50647
50662
50665
50671
50673
50675
50676
50681
50686
50692
50693
50694
50696
50700
50707
50715
50717
50720
50724
50726
50729
50736
50739
50741
50745
50750
50752
50755
50762
50767
50770
50772
50780
50781
50782
50784
50786
50790
50791
50798
50799
50807
50815
50818
50820
50827
50829
50831
50835
50838
50843
50844
50851
50856
50862
50865
50868
50877
50885
50893
50898
50904
50911
50916
50919
50922
50927
50931
50936
50937
50944
50949
50951
50960
50968
50981
50982
50983
50987
50988
50992
50995
50998
51001
51002
51003
51004
51005
51012
51016
51020
51022
51039
51041
51051
51053
51054
51058
51063
51064
51072
51080
51081
51084
51085
51096
51100
51101
51108
51119
51120
51126
51136
51138
51139
51145
51146
51148
51150
51156
51158
51161
51163
51165
51166
51171
51172
51178
51191
51192
51193
51205
51216
51226
51229
51233
51234
51235
51238
51239
51240
51246
51249
51253
51254
51261
51263
51271
51272
51273
51277
51281
51287
51296
51306
51310
51318
51325
51326
51329
51334
51339
51342
51344
51345
51348
51356
51371
51373
51374
51375
51386
51390
51398
51400
51401
51402
51407
51409
51414
51421
51422
51424
51433
51436
51445
51447
51448
51456
51457
51462
51464
51468
51476
51477
51478
51493
51501
51505
51509
51511
51514
51515
51518
51519
51521
51537
51538
51541
51546
51547
51556
51558
51563
51567
51571
51575
51577
51579
51580
51583
51590
51591
51592
51597
51600
51619
51623
51624
51636
51646
51647
51652
51659
51660
51669
51678
51684
51686
51687
51688
51689
51692
51697
51699
51704
51711
51720
51721
51725
51726
51739
51743
51745
51749
51752
51757
51758
51761
51764
51766
51770
51771
51779
51785
51787
51789
51792
51796
51797
51798
51800
51802
51809
51810
51816
51820
51831
51836
51837
51839
51850
51852
51855
51856
51857
51860
51863
51864
51865
51866
51868
51869
51870
51872
51874
51876
51877
51882
51886
51889
51891
51895
51901
51904
51909
51910
51913
51917
51921
51930
51932
51938
51940
51943
51945
51947
51949
51952
51956
51981
51991
51993
52003
52008
52023
52035
52037
52040
52048
52055
52061
52071
52081
52084
52085
52097
52098
52100
52106
52108
52114
52123
52124
52133
52139
52142
52145
52149
52150
52154
52157
52158
52164
52167
52176
52180
52182
52185
52188
52189
52193
52206
52218
52225
52226
52243
52245
52253
52256
52262
52266
52268
52270
52274
52279
52287
52288
52290
52292
52294
52295
52298
52299
52306
52310
52320
52324
52327
52331
52333
52336
52340
52343
52345
52348
52349
52355
52357
52360
52363
52364
52367
52368
52373
52374
52375
52382
52388
52389
52395
52400
52406
52408
52412
52414
52415
52417
52431
52437
52439
52441
52443
52448
52450
52458
52465
52467
52473
52477
52485
52488
52490
52494
52505
52516
52519
52520
52521
52529
52533
52540
52545
52548
52549
52561
52566
52567
52568
52569
52575
52576
52578
52579
52582
52593
52594
52604
52606
52607
52608
52619
52622
52626
52628
52631
52634
52637
52642
52646
52649
52657
52677
52678
52682
52687
52688
52697
52703
52714
52716
52720
52722
52732
52734
52744
52751
52755
52762
52763
52773
52791
52794
52796
52797
52801
52809
52820
52823
52827
52831
52838
52849
52854
52859
52861
52869
52870
52871
52873
52874
52875
52877
52878
52887
52889
52896
52899
52902
52903
52905
52910
52911
52912
52917
52919
52927
52930
52939
52943
52946
52950
52951
52958
52959
52964
52965
52970
52972
52984
52994
52995
52996
53010
53016
53020
53023
53036
53039
53040
53041
53044
53046
53047
53050
53053
53058
53059
53061
53063
53074
53077
53089
53093
53094
53100
53103
53106
53108
53110
53112
53117
53127
53128
53130
53136
53139
53142
53147
53159
53162
53168
53175
53185
53186
53190
53196
53200
53210
53212
53215
53217
53232
53240
53241
53242
53251
53252
53256
53272
53273
53274
53276
53277
53282
53289
53293
53295
53297
53304
53310
53312
53313
53316
53319
53320
53322
53323
53325
53328
53335
53347
53349
53353
53354
53355
53359
53361
53364
53370
53377
53383
53387
53389
53390
53401
53404
53412
53415
53419
53420
53434
53436
53440
53446
53451
53459
53468
53469
53472
53473
53474
53476
53478
53479
53481
53482
53494
53497
53498
53501
53520
53522
53531
53533
53535
53536
53540
53543
53545
53548
53554
53559
53562
53563
53569
53576
53581
53598
53612
53625
53636
53638
53643
53650
53655
53659
53663
53665
53675
53677
53681
53695
53704
53709
53721
53722
53725
53727
53728
53731
53734
53740
53743
53747
53749
53752
53768
53769
53777
53786
53787
53794
53798
53802
53805
53808
53809
53810
53813
53820
53824
53828
53831
53833
53846
53847
53856
53859
53860
53864
53868
53870
53876
53879
53884
53885
53892
53896
53911
53915
53920
53931
53936
53939
53940
53950
53951
53953
53962
53966
53975
53978
53985
53986
53994
54000
54004
54007
54020
54028
54029
54031
54036
54038
54041
54046
54050
54051
54052
54055
54067
54076
54080
54081
54083
54091
54093
54096
54106
54110
54111
54114
54117
54118
54119
54120
54130
54131
54132
54133
54136
54137
54138
54144
54163
54164
54165
54174
54175
54177
54184
54192
54210
54213
54225
54228
54238
54240
54242
54247
54249
54250
54251
54257
54260
54261
54265
54267
54273
54274
54277
54285
54289
54291
54294
54307
54322
54324
54328
54334
54355
54358
54373
54379
54384
54389
54390
54391
54395
54403
54413
54414
54428
54429
54430
54431
54432
54438
54443
54448
54449
54450
54454
54456
54457
54468
54471
54476
54479
54481
54487
54488
54492
54495
54496
54497
54500
54504
54508
54514
54524
54526
54527
54528
54531
54539
54546
54549
54561
54565
54572
54579
54585
54586
54588
54589
54592
54600
54610
54611
54621
54624
54633
54634
54644
54656
54657
54670
54679
54680
54688
54691
54700
54704
54706
54707
54710
54713
54714
54720
54723
54727
54728
54738
54750
54754
54762
54766
54768
54776
54779
54780
54781
54785
54790
54793
54794
54797
54798
54799
54810
54811
54817
54823
54826
54834
54839
54840
54842
54846
54848
54853
54854
54857
54858
54873
54879
54881
54882
54900
54902
54907
54908
54910
54923
54924
54929
54935
54953
54955
54959
54960
54969
54970
54974
54975
54977
54981
54982
54990
54993
54996
55002
55011
55016
55017
55021
55032
55041
55042
55043
55045
55048
55055
55065
55072
55074
55076
55078
55080
55082
55083
55089
55094
55101
55110
55120
55123
55128
55133
55145
55157
55165
55166
55168
55170
55172
55173
55178
55182
55185
55192
55199
55201
55207
55208
55211
55216
55220
55229
55234
55236
55241
55248
55249
55250
55254
55264
55269
55274
55282
55284
55285
55289
55291
55299
55300
55301
55308
55315
55316
55319
55323
55326
55337
55340
55345
55346
55356
55362
55363
55365
55371
55374
55383
55384
55386
55387
55393
55396
55407
55408
55410
55416
55418
55428
55432
55433
55436
55446
55450
55452
55453
55454
55455
55458
55459
55462
55463
55467
55469
55471
55479
55484
55485
55486
55487
55492
55496
55497
55500
55504
55508
55511
55516
55518
55520
55521
55522
55523
55524
55536
55539
55540
55541
55544
55565
55581
55588
55599
55604
55605
55606
55609
55610
55613
55615
55618
55621
55631
55642
55658
55662
55664
55668
55680
55684
55685
55689
55700
55703
55714
55718
55721
55727
55738
55739
55742
55743
55755
55758
55759
55761
55763
55765
55766
55767
55768
55772
55773
55777
55780
55783
55791
55796
55799
55804
55809
55813
55826
55831
55840
55843
55846
55847
55850
55853
55858
55869
55872
55879
55893
55895
55902
55904
55910
55920
55925
55926
55932
55935
55937
55947
55951
55958
55960
55969
55974
55975
55982
55985
55990
55992
55994
56000
56001
56002
56003
56010
56020
56026
56028
56035
56036
56040
56041
56048
56049
56052
56056
56092
56094
56097
56114
56115
56123
56125
56129
56130
56132
56133
56135
56137
56138
56143
56146
56147
56148
56156
56159
56165
56166
56168
56170
56173
56175
56186
56187
56190
56193
56195
56197
56199
56200
56209
56214
56226
56233
56236
56237
56244
56246
56248
56255
56258
56268
56284
56289
56292
56300
56303
56305
56306
56314
56323
56326
56331
56334
56336
56338
56339
56346
56347
56349
56354
56358
56367
56368
56370
56371
56380
56383
56384
56392
56399
56401
56406
56407
56430
56434
56437
56441
56444
56448
56452
56457
56465
56466
56471
56486
56490
56493
56500
56503
56507
56511
56512
56513
56517
56526
56527
56530
56532
56538
56539
56540
56541
56542
56543
56547
56549
56557
56568
56578
56583
56584
56587
56588
56591
56593
56597
56600
56601
56603
56607
56611
56614
56616
56621
56622
56625
56626
56628
56636
56641
56642
56645
56648
56649
56653
56655
56656
56666
56669
56684
56687
56690
56700
56713
56719
56721
56728
56730
56732
56735
56739
56742
56755
56758
56762
56763
56765
56770
56773
56783
56784
56789
56799
56801
56805
56808
56817
56831
56832
56836
56843
56846
56853
56860
56867
56869
56871
56877
56879
56883
56884
56887
56888
56889
56907
56910
56913
56914
56925
56929
56931
56933
56941
56944
56951
56954
56955
56965
56966
56985
56990
56992
56993
56996
56998
57000
57013
57015
57025
57030
57032
57034
57037
57038
57049
57052
57055
57059
57062
57067
57069
57071
57072
57092
57093
57101
57104
57105
57109
57111
57115
57116
57118
57124
57125
57129
57137
57139
57143
57148
57153
57154
57157
57161
57173
57177
57193
57197
57198
57203
57206
57208
57215
57216
57219
57230
57232
57236
57237
57239
57240
57244
57252
57258
57261
57262
57270
57275
57281
57287
57297
57299
57300
57301
57302
57303
57321
57325
57329
57337
57352
57358
57359
57374
57380
57385
57391
57393
57395
57396
57398
57405
57412
57415
57418
57428
57430
57432
57436
57439
57447
57449
57453
57454
57460
57464
57470
57479
57487
57489
57490
57491
57501
57503
57511
57522
57524
57525
57528
57533
57544
57549
57553
57558
57563
57566
57568
57574
57576
57580
57581
57588
57589
57591
57595
57596
57601
57605
57618
57623
57624
57629
57635
57640
57649
57650
57656
57659
57667
57674
57678
57680
57687
57690
57697
57701
57704
57706
57713
57715
57721
57731
57733
57736
57741
57749
57750
57751
57752
57755
57757
57761
57762
57766
57769
57775
57792
57794
57800
57801
57812
57817
57821
57822
57825
57836
57840
57844
57847
57861
57863
57868
57869
57875
57876
57881
57883
57885
57889
57890
57900
57906
57910
57919
57925
57929
57932
57937
57939
57943
57946
57948
57960
57964
57965
57966
57968
57969
57971
57984
57987
57996
57997
57998
58000
58001
58009
58010
58012
58013
58019
58020
58022
58024
58027
58031
58039
58046
58047
58059
58062
58063
58067
58070
58075
58083
58084
58089
58091
58093
58102
58105
58107
58115
58123
58125
58127
58128
58131
58132
58133
58134
58135
58141
58144
58148
58153
58154
58159
58162
58168
58169
58182
58184
58188
58191
58193
58195
58200
58210
58211
58217
58221
58227
58234
58235
58247
58250
58253
58259
58261
58264
58267
58273
58278
58288
58294
58299
58302
58304
58305
58306
58307
58309
58312
58314
58317
58322
58324
58331
58342
58347
58350
58353
58360
58361
58370
58373
58381
58388
58395
58409
58410
58411
58412
58419
58420
58423
58424
58428
58442
58443
58447
58449
58452
58455
58456
58458
58460
58461
58470
58483
58485
58493
58500
58510
58511
58513
58517
58540
58541
58544
58547
58548
58551
58553
58560
58566
58568
58569
58576
58588
58593
58594
58598
58599
58601
58621
58632
58636
58644
58649
58653
58654
58656
58660
58685
58692
58696
58700
58702
58705
58706
58707
58708
58710
58713
58724
58728
58732
58733
58735
58744
58747
58758
58760
58762
58764
58765
58771
58775
58776
58778
58781
58785
58788
58790
58792
58796
58799
58801
58805
58814
58817
58822
58827
58828
58830
58832
58835
58837
58838
58857
58862
58863
58865
58866
58867
58868
58873
58874
58875
58877
58880
58885
58889
58894
58899
58900
58910
58915
58917
58921
58924
58928
58932
58936
58939
58941
58945
58947
58951
58954
58956
58961
58962
58965
58970
58971
58976
58986
58990
58991
59011
59018
59021
59023
59025
59037
59038
59041
59043
59045
59049
59051
59054
59056
59059
59064
59066
59077
59090
59095
59098
59107
59109
59118
59132
59133
59134
59139
59146
59148
59159
59170
59176
59185
59186
59190
59202
59203
59209
59220
59224
59225
59226
59230
59234
59241
59247
59254
59257
59261
59262
59264
59280
59285
59286
59296
59300
59306
59307
59308
59313
59317
59328
59329
59330
59331
59334
59336
59348
59352
59356
59360
59361
59363
59364
59375
59380
59381
59383
59385
59388
59389
59391
59392
59393
59398
59408
59410
59411
59417
59421
59427
59430
59434
59437
59439
59442
59448
59462
59468
59470
59472
59473
59475
59476
59487
59490
59494
59495
59499
59502
59513
59514
59516
59517
59523
59527
59530
59539
59546
59551
59562
59567
59572
59575
59580
59585
59588
59589
59592
59596
59600
59601
59604
59606
59610
59613
59614
59615
59631
59632
59635
59637
59640
59643
59645
59647
59658
59659
59662
59664
59665
59674
59677
59682
59687
59694
59695
59714
59716
59718
59719
59732
59734
59739
59749
59754
59767
59768
59772
59779
59780
59781
59785
59788
59789
59790
59792
59798
59801
59802
59803
59807
59821
59822
59836
59840
59841
59844
59847
59848
59849
59852
59854
59855
59864
59866
59868
59876
59879
59886
59895
59906
59936
59939
59940
59943
59948
59959
59960
59968
59976
59977
59984
59990
60000
60001
60007
60021
60022
60023
60033
60040
60042
60046
60047
60053
60054
60063
60064
60068
60069
60077
60080
60085
60087
60093
60098
60105
60119
60120
60124
60130
60139
60144
60147
60148
60149
60150
60151
60160
60170
60173
60175
60177
60180
60186
60192
60195
60204
60205
60209
60210
60214
60217
60220
60221
60222
60230
60238
60247
60252
60253
60254
60259
60261
60270
60271
60272
60273
60277
)


// ************************************************************************* //
