/*--------------------------------*- C++ -*----------------------------------*\
| =========                 |                                                 |
| \\      /  F ield         | OpenFOAM: The Open Source CFD Toolbox           |
|  \\    /   O peration     | Version:  v2012                                 |
|   \\  /    A nd           | Website:  www.openfoam.com                      |
|    \\/     M anipulation  |                                                 |
\*---------------------------------------------------------------------------*/
FoamFile
{
    version     2.0;
    format      ascii;
    class       labelList;
    location    "constant/polyMesh";
    object      pointProcAddressing;
}
// * * * * * * * * * * * * * * * * * * * * * * * * * * * * * * * * * * * * * //


15810
(
2
6
11
15
182
183
184
185
186
187
188
189
190
191
192
193
194
195
196
197
198
199
200
201
202
203
204
205
206
207
208
209
210
211
212
213
214
252
253
254
255
256
257
258
259
260
261
262
263
264
265
266
267
268
269
270
271
272
273
274
275
276
277
278
279
280
281
282
283
284
285
286
287
288
289
290
291
292
293
294
295
296
297
298
299
300
301
302
303
304
305
306
307
308
309
310
311
312
313
314
315
316
317
318
319
320
321
322
323
324
325
326
327
328
329
330
331
332
333
334
335
336
337
338
339
340
341
342
343
344
345
346
347
627
628
629
630
631
632
633
634
635
636
637
638
639
640
641
642
643
644
645
646
647
648
649
650
651
652
653
654
655
656
657
658
659
660
661
662
663
664
665
666
667
668
669
670
671
672
673
674
675
676
677
678
1016
1017
1018
1019
1020
1021
1022
1023
1024
1025
1026
1027
1028
1029
1030
1031
1032
1033
1034
1035
1036
1037
1038
1039
1040
1041
1042
1043
1044
1045
1046
1047
1048
1086
1087
1088
1089
1090
1091
1092
1093
1094
1095
1096
1097
1098
1099
1100
1101
1102
1103
1104
1105
1106
1107
1108
1109
1110
1111
1112
1113
1114
1115
1116
1117
1118
1119
1120
1121
1122
1123
1124
1125
1126
1127
1128
1129
1130
1131
1132
1133
1134
1135
1136
1137
1138
1139
1140
1141
1142
1143
1144
1145
1146
1147
1148
1149
1150
1151
1152
1153
1154
1155
1156
1157
1158
1159
1160
1161
1162
1163
1164
1165
1166
1167
1168
1169
1170
1171
1172
1173
1174
1175
1176
1177
1178
1179
1180
1181
1461
1462
1463
1464
1465
1466
1467
1468
1469
1470
1471
1472
1473
1474
1475
1476
1477
1478
1479
1480
1481
1482
1483
1484
1485
1486
1487
1488
1489
1490
1491
1492
1493
1494
1495
1496
1497
1498
1499
1500
1501
1502
1503
1504
1505
1506
1507
1508
1509
1510
1511
1512
1685
1686
1719
1720
1721
1730
1731
1733
1737
1738
1743
1744
1746
1751
1752
1757
1759
1768
1770
1773
1778
1780
1784
1788
1791
1792
1830
1832
1833
1836
1841
1845
1847
1849
1850
1851
1852
1863
1867
1870
1872
1873
1876
1877
1878
1880
1885
1887
1898
1901
1904
1916
1917
1924
1925
1926
1927
1928
1930
1931
1932
1939
1940
2103
2104
2105
2106
2107
2108
2109
2110
2111
2112
2113
2114
2115
2116
2117
2118
2119
2120
2121
2122
2123
2124
2125
2126
2127
2128
2129
2130
2131
2132
2133
2134
2135
2136
2137
2138
2139
2140
2141
2142
2143
2144
2145
2146
2147
2148
2149
2150
2151
2152
2153
2154
2155
2156
2157
2158
2159
2160
2161
2162
2163
2164
2165
2166
2167
2168
2169
2170
2171
2172
2173
2174
2175
2176
2177
2178
2179
2180
2181
2182
2183
2184
2185
2186
2187
2188
2189
2190
2191
2192
2193
2194
2195
2196
2197
2198
2199
2200
2201
2202
2203
2204
2205
2206
2207
2208
2209
2210
2211
2212
2213
2214
2215
2216
2217
2218
2219
2220
2221
2222
2223
2224
2225
2226
2227
2228
2229
2230
2231
2232
2233
2234
2235
2236
2237
2238
2239
2240
2241
2242
2243
2244
2245
2246
2247
2248
2249
2250
2251
2252
2253
2254
2255
2256
2257
2258
2259
2260
2261
2262
2263
2264
2265
2266
2267
2268
2269
2270
2271
2272
2273
2274
2275
2276
2277
2278
2279
2280
2281
2282
2283
2284
2285
2286
2287
2288
2289
2290
2291
2292
2293
2294
2295
2296
2297
2298
2299
2300
2301
2302
2303
2304
2305
2306
2307
2308
2309
2310
2311
2312
2313
2314
2315
2316
2317
2318
2319
2320
2321
2322
2323
2324
2325
2326
2327
2328
2329
2330
2331
2332
2333
2334
2335
2336
2337
2338
2339
2340
2341
2342
2343
2378
2379
2380
2381
2382
2385
2386
2389
2390
2391
2396
2399
2400
2537
2538
2561
2566
2773
2968
2969
2970
2971
2972
2973
2974
2975
2976
2977
2978
2979
2980
2981
2982
2983
2984
2985
2986
2987
2988
2989
2990
2991
2992
2993
2994
2995
2996
2997
3011
3012
3013
3014
3015
3016
3017
3018
3020
3021
3025
3026
3027
3028
3029
3030
3032
3033
3035
3038
3039
3042
3043
3045
3046
3047
3048
3049
3050
3051
3052
3053
3054
3055
3056
3057
3058
3059
3060
3061
3062
3063
3064
3065
3066
3067
3068
3069
3070
3071
3072
3073
3074
3075
3076
3077
3078
3079
3080
3081
3082
3083
3084
3085
3086
3087
3088
3089
3090
3091
3092
3093
3094
3095
3097
3099
3102
3358
3359
3360
3387
3391
3394
3415
3418
3468
3511
3512
3513
3514
3515
3516
3517
3533
3534
3590
3591
3592
3634
3635
3732
3733
3738
3766
3767
3790
3794
3795
3796
3797
3798
3799
3800
3801
3802
3803
3804
3805
3806
3807
3842
3843
3857
3874
3878
3896
3897
3898
3899
3900
3901
3902
3903
3904
3905
3906
3907
3908
3909
3910
3911
3912
3913
3914
3915
3916
3917
3918
3919
3920
3921
3922
3923
3924
4029
4030
4040
4041
4044
4049
4053
4056
4057
4059
4273
4274
4275
4276
4277
4278
4279
4280
4281
4282
4283
4284
4285
4286
4287
4288
4289
4290
4291
4292
4293
4296
4346
4347
4352
4356
4357
4359
4367
4368
4369
4391
4392
4393
4394
4395
4396
4397
4614
4615
4616
4617
4618
4619
4620
4621
4622
4623
4624
4625
4626
4627
4628
4629
4630
4631
4632
4633
4634
4635
4636
4637
4638
4639
4640
4641
4642
4643
4644
4645
4646
4647
4648
4649
4650
4651
4652
4653
4654
4655
4656
4657
4658
4659
4660
4661
4662
4663
4664
4666
4667
4668
4669
4670
4671
4672
4673
4674
4676
4678
4679
4688
4690
4691
4692
4693
4694
4695
4709
4712
4713
4714
4721
4724
4727
4855
4859
4872
4873
4874
4875
4893
4899
4900
4903
4911
4912
4913
4914
4915
4916
4917
4918
4919
4920
4921
4922
4923
4924
4925
4926
4927
4928
4929
4930
4931
4932
4933
4934
4935
4936
4937
4938
4939
4940
4941
4942
4943
4944
4945
4946
4947
4948
4949
4950
4951
4952
4953
4954
4955
4956
4957
4958
4959
4960
4961
4962
4963
4964
4965
4966
4967
4968
4969
4970
4971
4972
4973
4974
4975
4976
4977
4978
4979
4980
4981
4982
4983
4984
4985
4986
4987
4988
4989
4990
4991
4992
4993
4994
4995
4996
4997
4998
4999
5000
5001
5002
5003
5004
5005
5006
5007
5008
5009
5010
5011
5012
5013
5014
5015
5016
5017
5018
5019
5020
5021
5022
5023
5024
5025
5026
5027
5028
5029
5030
5031
5032
5033
5034
5035
5036
5037
5038
5039
5040
5041
5042
5043
5044
5045
5046
5047
5048
5049
5050
5051
5052
5053
5054
5055
5056
5057
5058
5059
5060
5061
5062
5063
5064
5065
5066
5067
5068
5069
5070
5071
5072
5073
5074
5075
5076
5077
5078
5079
5080
5081
5157
5158
5161
5162
5163
5164
5165
5166
5167
5168
5169
5170
5171
5172
5173
5174
5175
5176
5177
5178
5179
5180
5181
5182
5183
5184
5185
5186
5187
5188
5189
5190
5191
5192
5193
5194
5195
5196
5197
5198
5199
5200
5201
5202
5203
5204
5205
5206
5207
5208
5209
5210
5211
5212
5213
5214
5215
5216
5217
5218
5219
5220
5221
5222
5223
5224
5225
5226
5227
5228
5229
5230
5231
5232
5233
5234
5235
5236
5237
5238
5239
5240
5241
5242
5243
5244
5245
5246
5247
5248
5249
5250
5251
5252
5253
5254
5255
5256
5257
5258
5259
5260
5261
5262
5263
5264
5265
5266
5267
5268
5269
5270
5271
5272
5273
5274
5275
5276
5281
5282
5283
5284
5285
5286
5287
5290
5291
5292
5293
5294
5295
5296
5298
5299
5304
5309
5310
5311
5314
5317
5320
5321
5322
5323
5324
5327
5328
5333
5334
5335
5336
5337
5338
5339
5340
5341
5342
5343
5344
5345
5346
5347
5348
5349
5350
5351
5352
5353
5354
5355
5356
5357
5358
5359
5360
5361
5362
5367
5369
5372
5373
5374
5375
5376
5377
5378
5379
5380
5381
5382
5383
5384
5385
5386
5387
5388
5389
5390
5391
5392
5393
5398
5399
5400
5401
5402
5403
5404
5405
5406
5407
5410
5411
5412
5413
5414
5415
5416
5417
5418
5419
5420
5421
5422
5424
5425
5426
5427
5428
5429
5430
5431
5432
5433
5434
5435
5436
5437
5440
5441
5442
5443
5444
5445
5446
5447
5448
5449
5450
5457
5458
5459
5460
5461
5462
5463
5464
5465
5466
5467
5468
5469
5470
5471
5472
5473
5474
5475
5476
5477
5478
5479
5480
5481
5482
5496
5497
5498
5499
5500
5501
5502
5503
5504
5507
5508
5509
5510
5511
5512
5513
5514
5515
5518
5519
5520
5522
5523
5524
5525
5526
5527
5528
5529
5530
5531
5532
5533
5534
5535
5541
5542
5543
5544
5545
5546
5547
5548
5549
5550
5551
5552
5553
5554
5555
5556
5557
5558
5559
5563
5564
5565
5566
5567
5568
5569
5570
5571
5572
5577
5578
5584
5590
5591
5602
5603
5604
5615
5616
5618
5619
5630
5631
5632
5633
5636
5637
5638
5678
5679
5688
5689
5690
5691
5696
5697
5698
5699
5700
5701
5707
5708
5711
5712
5713
5718
5720
5721
5722
5723
5724
5726
5728
5729
5731
5732
5733
5748
5749
5750
5751
5752
5753
5757
5766
5767
5768
6124
6125
6126
6127
6128
6129
6130
6131
6132
6133
6135
6136
6137
6138
6139
6140
6141
6142
6143
6144
6145
6146
6147
6148
6149
6150
6151
6152
6153
6154
6156
6158
6160
6161
6163
6164
6167
6168
6170
6171
6172
6173
6174
6175
6176
6177
6178
6179
6180
6181
6182
6183
6184
6185
6186
6187
6188
6190
6191
6192
6193
6195
6196
6197
6198
6199
6200
6201
6202
6203
6204
6205
6206
6207
6208
6209
6210
6211
6212
6213
6214
6215
6216
6217
6218
6219
6220
6221
6222
6223
6224
6225
6226
6227
6228
6229
6230
6231
6232
6233
6234
6235
6236
6237
6238
6239
6240
6241
6242
6243
6244
6245
6246
6247
6248
6249
6250
6251
6252
6253
6254
6282
6283
6286
6295
6298
6299
6300
6301
6304
6307
6308
6311
6312
6314
6315
6317
6318
6319
6320
6322
6323
6324
6356
6357
6363
6364
6365
6366
6367
6368
6369
6370
6371
6372
6373
6395
6396
6397
6398
6399
6400
6401
6402
6404
6405
6412
6414
6415
6416
6417
6418
6419
6420
6421
6422
6423
6424
6425
6426
6427
6428
6429
6430
6431
6432
6433
6434
6435
6436
6437
6438
6439
6440
6441
6442
6443
6445
6446
6447
6448
6449
6450
6451
6452
6453
6454
6455
6456
6457
6458
6459
6460
6461
6462
6463
6464
6467
6468
6473
6474
6477
6478
6480
6487
6517
6518
6519
6520
6521
6522
6523
6528
6535
6536
6548
6549
6550
6552
6553
6554
6560
6561
6562
6563
6564
6565
6566
6568
6569
6573
6576
6577
6578
6579
6580
6581
6582
6583
6584
6585
6586
6587
6588
6589
6590
6591
6592
6593
6594
6595
6596
6597
6598
6599
6600
6601
6602
6603
6604
6605
6606
6607
6608
6609
6610
6611
6612
6613
6614
6615
6616
6617
6618
6619
6620
6621
6622
6623
6624
6625
6626
6627
6628
6629
6630
6631
6632
6633
6634
6635
6636
6637
6638
6639
6640
6641
6642
6643
6644
6645
6646
6647
6648
6649
6650
6651
6652
6653
6654
6655
6656
6657
6658
6659
6660
6661
6662
6663
6666
6667
6690
6691
6692
6693
6694
6695
6698
6704
6705
6706
6708
6716
6717
6718
6719
6720
6721
6722
6723
6724
6725
6726
6727
6728
6730
6786
6787
6788
6789
6790
6822
6823
6824
6847
6848
6849
6850
6851
6872
6884
6889
6890
6891
6892
6893
6894
6895
6896
6897
6901
6902
6905
6906
6907
6908
6909
6911
6912
6913
6917
6920
6921
6922
6923
6924
6925
6926
6927
6928
6929
6930
6931
6932
6933
6934
6935
6936
6937
6938
6939
6940
6941
6942
6943
6944
6945
6957
6958
6959
6960
6961
6962
6963
6964
6965
6966
6967
6968
6969
6970
6971
6974
6975
6976
6993
7011
7012
7027
7028
7033
7034
7035
7038
7039
7040
7041
7042
7043
7047
7048
7049
7050
7051
7052
7053
7054
7059
7060
7061
7068
7069
7070
7071
7109
7110
7111
7112
7114
7131
7132
7133
7134
7135
7144
7145
7169
7170
7177
7178
7179
7180
7192
7193
7194
7203
7204
7224
7235
7236
7250
7256
7257
7261
7263
7267
7273
7274
7275
7284
7285
7397
7398
7403
7404
7407
7408
7412
7413
7414
7417
7418
7419
7468
7469
7470
7471
7481
7482
7487
7527
7528
7534
7535
7536
7537
7538
7541
7542
7549
7550
7551
7552
7553
7554
7555
7556
7557
7558
7559
7560
7561
7562
7563
7564
7565
7566
7567
7568
7569
7570
7571
7572
7573
7574
7575
7576
7577
7578
7579
7580
7581
7582
7583
7584
7596
7601
7604
7606
7612
7613
7665
7666
7667
7668
7669
7672
7702
7703
7704
7705
7708
7720
7721
7722
7723
7726
7730
7731
7732
7742
7743
7744
7745
7746
7747
7750
7751
7752
7756
7759
7765
7766
7767
7768
7769
7770
7771
7772
7773
7941
7943
7944
7950
7951
7952
7959
7960
7961
7962
7963
7964
7966
7967
7970
7976
7984
7985
7986
7992
8001
8002
8003
8050
8088
8103
8104
8105
8111
8121
8123
8124
8172
8179
8182
8184
8188
8189
8246
8247
8250
8256
8258
8260
8266
8276
8280
8281
8294
8295
8296
8298
8299
8300
8301
8302
8303
8304
8305
8307
8309
8310
8311
8312
8313
8314
8315
8316
8317
8318
8328
8335
8370
8374
8391
8392
8397
8398
8399
8400
8413
8414
8415
8423
8426
8429
8433
8440
8441
8442
8443
8444
8445
8446
8447
8448
8449
8450
8451
8495
8501
8513
8517
8518
8532
8533
8534
8542
8550
8551
8589
8590
8596
8599
8602
8607
8608
8612
8613
8614
8622
8625
8626
8627
8631
8636
8645
8646
8647
8649
8650
8652
8653
8658
8660
8662
8667
8668
8669
8670
8674
8675
8676
8677
8685
8686
8687
8688
8689
8691
8692
8693
8694
8695
8696
8704
8705
8707
8708
8709
8710
8711
8712
8714
8715
8716
8717
8718
8719
8720
8721
8722
8723
8724
8725
8726
8727
8728
8729
8730
8731
8732
8733
8734
8735
8736
8737
8738
8739
8740
8741
8742
8743
8744
8745
8746
8747
8748
8749
8750
8751
8752
8753
8754
8755
8756
8757
8758
8759
8760
8764
8775
8776
8778
8779
8780
8781
8782
8784
8788
8789
8790
8791
8792
8793
8794
8817
8821
8822
8823
8824
8825
8826
8835
8836
8839
8840
8841
8842
8843
8847
8848
8849
8850
8863
8880
8881
8885
8886
8887
8888
8889
8890
8891
8894
8895
8896
8903
8926
8928
8929
8932
8933
8934
8935
8936
8942
8943
8950
8951
8952
8954
8955
8956
8957
8963
8966
8967
8998
8999
9000
9001
9002
9003
9033
9034
9045
9046
9047
9048
9049
9053
9063
9064
9073
9086
9088
9181
9187
9188
9207
9208
9209
9216
9217
9230
9231
9232
9233
9234
9235
9236
9237
9243
9245
9247
9250
9260
9263
9270
9271
9283
9284
9285
9286
9287
9298
9299
9301
9302
9303
9304
9305
9308
9320
9321
9340
9341
9342
9345
9346
9349
9351
9357
9358
9359
9360
9361
9367
9373
9374
9377
9378
9380
9381
9384
9421
9427
9428
9429
9432
9435
9449
9474
9475
9476
9480
9482
9484
9488
9489
9490
9491
9492
9495
9514
9515
9517
9521
9524
9526
9529
9530
9531
9543
9544
9545
9550
9551
9552
9553
9555
9556
9557
9565
9566
9567
9568
9569
9570
9573
9583
9584
9585
9586
9589
9592
9599
9600
9601
9622
9623
9624
9631
9632
9633
9635
9636
9637
9638
9639
9642
9650
9657
9658
9659
9660
9661
9662
9663
9664
9665
9668
9670
9682
9684
9685
9686
9688
9691
9709
9711
9712
9713
9714
9715
9718
9719
9720
9721
9731
9732
9734
9738
9742
9748
9749
9750
9751
9753
9754
9768
9769
9770
9771
9774
9775
9785
9786
9795
9796
9797
9798
9799
9800
9801
9802
9803
9804
9805
9806
9807
9808
9814
9815
9818
10266
10290
10291
10292
10293
10294
10295
10298
10299
10300
10302
10313
10319
10320
10321
10322
10323
10324
10325
10326
10327
10328
10340
10341
10343
10345
10346
10348
10349
10350
10355
10356
10357
10359
10363
10373
10374
10380
10381
10382
10383
10384
10385
10386
10387
10388
10389
10390
10391
10392
10393
10394
10395
10396
10398
10399
10410
10412
10413
10414
10416
10419
10422
10442
10443
10445
10447
10450
10459
10460
10462
10463
10473
10482
10485
10486
10495
10499
10504
10505
10518
10526
10527
10529
10530
10531
10532
10540
10541
10548
10549
10552
10557
10558
10579
10580
10581
10586
10587
10589
10590
10592
10593
10596
10597
10598
10599
10604
10605
10609
10616
10629
10632
10651
10652
10661
10662
10663
10664
10665
10674
10679
10681
10682
10686
10689
10694
10696
10697
10710
10711
10718
10719
10720
10721
10722
10729
10730
10731
10734
10741
10742
10759
10760
10761
10762
10764
10765
10776
10777
10778
10779
10780
10781
10782
10783
10784
10785
10786
10787
10788
10789
10790
10791
10792
10795
10797
10798
10799
10800
10801
10926
10927
10928
10929
10930
10931
10932
10933
10934
10935
10936
10937
10938
10939
10940
10941
10942
10943
10957
10989
10990
11019
11022
11033
11034
11035
11036
11037
11038
11039
11040
11041
11042
11043
11044
11045
11046
11047
11048
11059
11068
11070
11073
11074
11082
11087
11088
11089
11090
11091
11092
11102
11103
11112
11117
11119
11123
11129
11134
11135
11136
11137
11138
11139
11140
11141
11149
11158
11162
11163
11166
11167
11191
11193
11194
11195
11199
11200
11213
11214
11216
11234
11239
11251
11252
11274
11275
11276
11277
11278
11279
11288
11289
11290
11291
11292
11293
11294
11299
11300
11301
11302
11303
11304
11305
11306
11307
11308
11309
11310
11311
11312
11313
11329
11330
11331
11332
11333
11334
11335
11336
11337
11351
11352
11353
11354
11358
11359
11360
11363
11365
11366
11367
11379
11380
11381
11382
11383
11384
11385
11386
11410
11640
11644
11645
11647
11648
11649
11654
11655
11656
11657
11658
11659
11660
11665
11667
11671
11672
11675
11676
11677
11679
11683
11689
11690
11691
11693
11696
11697
11698
11699
11700
11701
11702
11704
11715
11716
11717
11718
11728
11732
11733
11734
11737
11738
11739
11740
11741
11742
11744
11747
11756
11775
11778
11779
11780
11781
11782
11783
11784
11785
11786
11787
11788
11789
11790
11791
11792
11793
11794
11800
11804
11805
11806
11810
11811
11812
11818
11847
11848
11849
11850
11851
11864
11871
11872
11877
11880
11881
11890
11891
11893
11894
11899
11900
11902
11903
11916
11917
11920
11921
11922
11923
11924
11926
11927
11928
11929
11930
11931
11932
11933
11934
11935
11936
11944
11945
11948
11965
11972
11975
11977
11978
11979
11980
11986
11987
11988
11989
11990
11991
11992
11993
11994
11995
12000
12001
12002
12003
12004
12005
12006
12007
12008
12009
12010
12011
12012
12013
12014
12018
12023
12028
12034
12035
12043
12044
12050
12052
12053
12054
12055
12056
12057
12058
12059
12060
12061
12062
12063
12064
12065
12066
12067
12068
12069
12070
12071
12072
12073
12074
12075
12076
12077
12078
12079
12080
12081
12082
12083
12084
12085
12090
12091
12092
12095
12099
12100
12101
12108
12109
12110
12111
12115
12116
12117
12119
12121
12131
12133
12150
12153
12158
12159
12161
12169
12173
12177
12178
12179
12184
12192
12193
12196
12224
12225
12243
12246
12247
12248
12264
12291
12293
12306
12317
12325
12336
12338
12348
12355
12368
12369
12370
12371
12408
12409
12410
12420
12421
12422
12425
12449
12451
12452
12456
12457
12460
12461
12463
12472
12473
12474
12480
12482
12496
12497
12500
12501
12506
12509
12510
12512
12520
12524
12526
12527
12528
12544
12545
12551
12552
12553
12554
12558
12565
12566
12567
12568
12569
12570
12577
12580
12582
12584
12592
12594
12595
12596
12597
12600
12604
12605
12608
12609
12611
12613
12633
12634
12640
12641
12648
12649
12664
12665
12670
12674
12681
12684
12685
12686
12687
12688
12689
12690
12691
12692
12693
12694
12695
12696
12697
12698
12699
12700
12701
12702
12703
12704
12710
12713
12714
12715
12719
12720
12721
12722
12748
12749
12755
12756
12757
12768
12771
12780
12781
12782
12783
12788
12803
12804
12808
12809
12817
12818
12819
12832
12833
12834
12835
12836
12837
12838
12839
12842
12843
12844
12845
12849
12853
12857
12867
12870
12871
12875
12876
12878
12881
12886
12891
12900
12901
12903
12905
12906
12908
12909
12910
12912
12913
12914
12917
12974
12976
12977
12978
12979
12980
12981
12995
12996
12997
12998
12999
13000
13001
13002
13003
13013
13015
13018
13019
13020
13021
13028
13030
13031
13032
13033
13034
13035
13036
13037
13038
13039
13040
13041
13042
13043
13044
13045
13046
13047
13048
13049
13050
13051
13052
13053
13054
13057
13058
13062
13063
13064
13065
13066
13067
13068
13069
13070
13071
13072
13073
13074
13075
13076
13077
13078
13079
13080
13081
13082
13083
13084
13085
13086
13087
13088
13089
13090
13091
13092
13095
13098
13099
13100
13101
13109
13126
13130
13133
13134
13172
13177
13180
13183
13184
13187
13189
13190
13191
13205
13206
13207
13208
13212
13213
13214
13216
13217
13224
13225
13226
13227
13228
13229
13230
13231
13232
13233
13234
13235
13240
13241
13245
13246
13247
13261
13264
13265
13269
13271
13274
13280
13282
13283
13284
13287
13288
13289
13290
13291
13292
13293
13294
13295
13296
13297
13298
13300
13305
13309
13310
13313
13318
13319
13320
13321
13322
13328
13329
13330
13331
13332
13333
13334
13335
13336
13352
13362
13376
13377
13378
13385
13386
13393
13394
13395
13396
13406
13413
13414
13415
13416
13417
13431
13432
13433
13435
13438
13439
13441
13446
13448
13449
13451
13452
13462
13463
13477
13478
13483
13487
13488
13491
13492
13511
13512
13517
13520
13521
13529
13530
13531
13533
13534
13537
13538
13539
13540
13541
13543
13546
13547
13548
13549
13551
13555
13556
13562
13563
13564
13565
13570
13571
13572
13578
13593
13594
13595
13597
13598
13604
13609
13612
13618
13619
13623
13624
13625
13626
13636
13637
13638
13649
13650
13659
13660
13661
13677
13678
13679
13686
13690
13702
13703
13709
13710
13712
13713
13716
13717
13718
13719
13720
13721
13722
13723
13724
13725
13726
13727
13728
13729
13731
13733
13746
13751
13752
13756
13758
13765
13766
13767
13768
13776
13786
13787
13788
13790
13793
13809
13810
13837
13838
13854
13855
13856
13857
13858
13859
13860
13861
13862
13865
13874
13875
13876
13878
13879
13882
13888
13889
13890
13894
13897
13899
13900
13902
13903
13904
13905
13909
13910
13911
13912
13914
13915
13916
13920
13925
13926
13927
13928
13929
13930
13931
13932
13943
14170
14180
14181
14188
14189
14204
14225
14227
14228
14229
14232
14236
14237
14239
14240
14250
14253
14271
14272
14275
14276
14277
14278
14279
14280
14281
14282
14283
14284
14285
14299
14300
14310
14315
14316
14320
14321
14324
14343
14344
14345
14346
14349
14353
14354
14355
14378
14381
14382
14385
14391
14436
14439
14440
14448
14457
14477
14489
14490
14491
14492
14493
14500
14515
14516
14517
14518
14534
14537
14547
14568
14569
14570
14572
14579
14592
14593
14594
14596
14602
14605
14607
14609
14610
14611
14612
14632
14633
14634
14635
14636
14637
14642
14643
14648
14649
14652
14653
14657
14668
14669
14670
14671
14675
14676
14677
14686
14687
14688
14693
14698
14705
14706
14709
14711
14712
14713
14714
14715
14716
14723
14741
14742
14751
14790
14811
14813
14819
14821
14822
14830
14833
14834
14835
14843
14846
14847
14850
14851
14866
14868
14869
14872
14879
14882
14884
14885
14886
14887
14890
14891
14892
14893
14894
14905
14914
14915
14916
14917
14920
14924
14929
14930
14933
14934
14936
14937
14938
14939
14942
14944
14945
14947
14948
14949
14950
14952
14955
14959
14960
14966
14967
14968
14969
14972
14973
14975
14976
14977
14978
14979
14981
14985
14986
14989
14990
14994
14995
14996
14997
14998
15002
15011
15015
15016
15017
15018
15019
15020
15022
15023
15025
15026
15036
15037
15038
15039
15040
15041
15047
15048
15050
15051
15058
15059
15060
15064
15071
15072
15077
15079
15080
15081
15085
15087
15103
15106
15107
15115
15118
15120
15121
15137
15139
15140
15141
15142
15143
15144
15145
15160
15161
15163
15164
15165
15166
15177
15178
15179
15183
15184
15185
15186
15187
15188
15189
15190
15191
15192
15193
15194
15195
15196
15197
15198
15199
15200
15201
15202
15203
15204
15205
15206
15207
15208
15209
15210
15213
15214
15218
15223
15237
15242
15243
15244
15246
15247
15257
15264
15274
15318
15319
15322
15325
15326
15328
15329
15330
15342
15343
15346
15347
15348
15349
15350
15354
15358
15363
15366
15370
15372
15379
15380
15387
15392
15393
15394
15403
15410
15411
15412
15413
15414
15416
15423
15427
15428
15453
15454
15455
15475
15487
15488
15489
15494
15497
15502
15503
15507
15514
15515
15519
15520
15522
15529
15532
15533
15534
15549
15552
15553
15555
15562
15563
15564
15565
15566
15582
15583
15584
15587
15589
15590
15593
15594
15596
15609
15610
15611
15612
15614
15621
15622
15625
15626
15641
15657
15665
15668
15669
15670
15671
15673
15674
15675
15676
15690
15691
15692
15693
15694
15695
15702
15724
15725
15748
15753
15754
15755
15756
15770
15771
15772
15795
15796
15798
15799
15800
15819
15820
15821
15830
15831
15856
15869
15870
15871
15872
15873
15874
15875
15877
15878
15925
15926
15934
15935
15936
15937
15938
15939
15989
15993
15994
15995
15999
16002
16003
16004
16005
16006
16010
16031
16032
16033
16036
16044
16045
16046
16056
16059
16082
16090
16101
16106
16118
16119
16120
16121
16125
16126
16127
16128
16129
16130
16138
16139
16140
16146
16154
16156
16157
16158
16159
16160
16162
16163
16164
16168
16169
16176
16177
16184
16185
16186
16187
16199
16209
16213
16214
16215
16216
16217
16218
16224
16232
16234
16235
16239
16241
16243
16244
16245
16247
16248
16249
16253
16254
16264
16266
16273
16276
16299
16300
16301
16302
16303
16307
16308
16311
16345
16346
16347
16354
16355
16366
16367
16369
16370
16371
16378
16379
16380
16381
16382
16394
16395
16398
16399
16400
16401
16402
16409
16412
16413
16415
16416
16422
16423
16424
16436
16439
16462
16474
16475
16480
16481
16482
16483
16484
16485
16486
16487
16492
16502
16519
16522
16525
16527
16528
16529
16530
16532
16540
16542
16544
16559
16561
16562
16563
16564
16576
16577
16578
16581
16582
16585
16586
16587
16589
16590
16591
16592
16593
16598
16599
16600
16601
16602
16603
16604
16605
16606
16607
16608
16609
16616
16617
16631
16632
16633
16634
16635
16638
16664
16668
16675
16676
16677
16678
16684
16695
16697
16698
16699
16708
16715
16744
16756
16757
16758
16759
16760
16761
16766
16791
16794
16798
16799
16803
16806
16807
16814
16819
16820
16821
16822
16839
16842
16843
16854
16862
16863
16865
16881
16883
16887
16888
16900
16906
16907
16914
16921
16925
16938
16939
16940
16953
16957
16960
16961
16964
16965
16966
16968
16972
16974
16975
16976
16982
16983
16984
17000
17001
17002
17016
17017
17025
17034
17035
17037
17038
17043
17048
17055
17057
17058
17060
17061
17063
17073
17075
17076
17080
17082
17083
17084
17090
17109
17118
17119
17120
17125
17133
17134
17135
17141
17156
17160
17161
17168
17169
17170
17174
17175
17176
17177
17182
17185
17188
17189
17190
17191
17195
17220
17221
17223
17227
17228
17229
17231
17233
17234
17236
17237
17277
17278
17280
17284
17291
17317
17318
17319
17325
17339
17340
17342
17353
17354
17359
17360
17361
17372
17373
17374
17375
17380
17383
17389
17390
17391
17392
17398
17415
17429
17430
17440
17441
17460
17461
17462
17463
17464
17470
17474
17477
17497
17498
17510
17517
17518
17522
17523
17524
17526
17527
17528
17529
17531
17532
17534
17552
17563
17572
17573
17581
17582
17585
17586
17612
17632
17633
17635
17638
17640
17641
17642
17645
17655
17661
17662
17669
17670
17679
17680
17681
17722
17723
17729
17730
17731
17733
17745
17746
17751
17752
17756
17779
17780
17781
17787
17792
17793
17794
17795
17804
17807
17808
17809
17810
17812
17817
17821
17829
17830
17833
17834
17835
17842
17858
17859
17871
17876
17880
17881
17888
17912
17913
17914
17915
17916
17917
17922
17929
17935
17936
17937
17939
17943
17945
17951
17957
17968
17969
17970
17971
17972
17973
17976
17979
17985
17991
17992
17995
18000
18001
18003
18004
18011
18014
18024
18031
18032
18033
18036
18037
18038
18039
18047
18048
18051
18056
18057
18058
18061
18062
18071
18076
18080
18082
18085
18090
18094
18095
18103
18119
18121
18122
18131
18137
18139
18150
18151
18152
18153
18158
18159
18160
18162
18176
18178
18179
18180
18181
18184
18191
18192
18193
18194
18198
18212
18214
18215
18216
18217
18218
18232
18243
18245
18247
18253
18254
18255
18256
18267
18268
18269
18280
18281
18292
18293
18294
18308
18309
18310
18311
18312
18313
18314
18315
18334
18344
18345
18351
18368
18372
18373
18374
18375
18376
18377
18378
18380
18381
18382
18384
18386
18387
18388
18392
18393
18402
18416
18417
18423
18424
18427
18429
18430
18440
18441
18456
18462
18463
18464
18465
18466
18469
18470
18471
18472
18473
18474
18475
18476
18477
18478
18479
18480
18481
18482
18483
18484
18485
18486
18487
18488
18489
18493
18494
18496
18506
18507
18519
18520
18522
18523
18527
18541
18542
18549
18550
18552
18553
18554
18581
18582
18583
18584
18585
18586
18609
18610
18611
18622
18628
18629
18647
18648
18654
18656
18663
18664
18665
18672
18673
18674
18690
18695
18704
18716
18717
18718
18719
18724
18748
18754
18755
18759
18760
18761
18762
18764
18783
18784
18793
18796
18797
18798
18799
18800
18801
18802
18807
18814
18815
18816
18823
18824
18829
18834
18836
18840
18841
18842
18845
18846
18847
18848
18849
18865
18870
18874
18889
18890
18898
18906
18907
18914
18915
18921
18922
18923
18934
18935
18937
18943
18949
18950
18951
18955
18957
18962
18969
18970
18971
18977
18980
18983
18984
18987
18988
18989
18990
18995
18996
18999
19001
19002
19007
19008
19019
19020
19023
19025
19026
19041
19042
19043
19044
19045
19080
19081
19082
19083
19084
19088
19093
19109
19110
19115
19134
19135
19136
19137
19139
19140
19142
19144
19145
19153
19154
19156
19157
19158
19159
19160
19161
19171
19172
19174
19178
19179
19184
19192
19193
19194
19217
19224
19225
19226
19229
19230
19231
19232
19234
19241
19250
19252
19256
19257
19258
19260
19261
19265
19266
19269
19270
19273
19274
19278
19280
19300
19301
19302
19303
19304
19305
19306
19307
19308
19309
19310
19311
19312
19313
19314
19315
19316
19317
19318
19319
19320
19321
19322
19323
19324
19325
19326
19335
19336
19337
19338
19339
19341
19344
19351
19355
19356
19357
19358
19359
19363
19364
19365
19375
19394
19402
19411
19412
19422
19431
19434
19435
19437
19439
19468
19469
19485
19486
19496
19497
19509
19512
19539
19549
19550
19551
19552
19553
19555
19556
19560
19573
19579
19584
19585
19592
19593
19602
19603
19604
19613
19615
19616
19620
19625
19656
19657
19669
19694
19695
19696
19702
19703
19704
19705
19706
19708
19709
19713
19714
19715
19729
19733
19734
19736
19742
19752
19753
19754
19755
19769
19774
19775
19786
19787
19789
19815
19816
19817
19818
19819
19820
19821
19822
19823
19824
19825
19826
19827
19828
19829
19830
19831
19872
19883
19884
19885
19886
19887
19888
19914
19915
19916
19917
19918
19921
19922
19923
19924
19950
19951
19952
19953
19954
19955
19956
19957
19958
19959
19969
19998
19999
20000
20001
20002
20004
20059
20062
20187
20248
20249
20250
20251
20387
20457
20460
20461
20494
20525
20529
20530
20549
20550
20551
20552
20573
20574
20580
20581
20593
20594
20595
20596
20597
20598
20599
20600
20601
20602
20603
20604
20605
20634
20635
20637
20644
20645
20646
20651
20652
20653
20654
20660
20661
20662
20663
20664
20665
20667
20668
20669
20670
20671
20703
20704
20734
20736
20737
20738
20748
20749
20750
20751
20752
20753
20754
20755
20756
20790
20793
20794
20795
20798
20799
20801
20828
20829
20831
20877
20878
20879
20880
20896
20897
20941
20949
20952
20957
20958
20959
20960
20961
20962
20963
20964
20965
20966
20967
20973
20982
20983
20984
20985
20994
20995
21002
21007
21008
21012
21014
21031
21034
21042
21049
21056
21063
21085
21087
21088
21098
21107
21117
21128
21132
21133
21134
21137
21138
21139
21140
21141
21142
21143
21144
21145
21146
21147
21152
21153
21154
21155
21156
21157
21158
21159
21160
21161
21170
21171
21175
21176
21208
21215
21216
21217
21218
21219
21220
21221
21222
21223
21224
21234
21237
21241
21272
21283
21365
21373
21384
21385
21386
21391
21394
21395
21396
21397
21417
21418
21438
21439
21472
21473
21474
21475
21488
21490
21497
21498
21500
21506
21510
21513
21515
21516
21517
21518
21521
21522
21524
21528
21535
21537
21538
21539
21540
21541
21542
21543
21544
21545
21546
21548
21554
21555
21556
21557
21562
21564
21565
21575
21578
21592
21593
21620
21621
21623
21624
21625
21626
21627
21628
21629
21630
21631
21632
21633
21634
21635
21636
21637
21638
21639
21640
21641
21642
21643
21644
21653
21654
21655
21656
21657
21658
21659
21660
21661
21662
21663
21664
21665
21666
21667
21668
21669
21670
21671
21672
21673
21674
21675
21676
21677
21678
21679
21680
21681
21682
21683
21685
21686
21687
21689
21690
21691
21692
21693
21716
21721
21723
21724
21728
21729
21730
21732
21733
21734
21736
21737
21742
21743
21744
21745
21748
21766
21767
21774
21800
21802
21803
21809
21810
21825
21826
21830
21839
21840
21841
21842
21843
21845
21846
21847
21848
21849
21850
21851
21852
21853
21854
21855
21859
21867
21868
21884
21885
21886
21887
21888
21889
21890
21892
21893
21894
21902
21906
21912
21913
21916
21918
21919
21920
21925
21926
21927
21964
21973
21974
21988
21996
22000
22004
22007
22008
22009
22013
22014
22015
22016
22018
22022
22023
22024
22025
22026
22027
22028
22032
22033
22036
22037
22049
22051
22061
22083
22096
22097
22101
22103
22104
22107
22121
22124
22125
22133
22134
22135
22148
22149
22150
22151
22152
22154
22155
22162
22165
22168
22177
22178
22179
22181
22182
22183
22197
22200
22224
22225
22226
22227
22232
22261
22262
22265
22278
22283
22295
22296
22318
22319
22320
22321
22323
22324
22325
22332
22342
22343
22347
22350
22353
22356
22357
22358
22369
22370
22371
22379
22381
22382
22383
22384
22385
22386
22388
22389
22401
22402
22405
22407
22408
22409
22423
22424
22430
22438
22441
22442
22443
22455
22470
22471
22472
22474
22478
22479
22493
22494
22495
22513
22518
22519
22520
22521
22525
22527
22543
22549
22550
22556
22570
22574
22575
22579
22585
22588
22589
22592
22596
22597
22598
22606
22607
22611
22613
22614
22617
22619
22625
22626
22628
22633
22634
22635
22636
22637
22638
22639
22640
22641
22642
22643
22644
22645
22646
22647
22648
22649
22650
22651
22652
22653
22654
22655
22656
22657
22659
22660
22661
22663
22664
22675
22676
22677
22682
22690
22728
22743
22744
22745
22746
22759
22760
22766
22768
22769
22770
22771
22779
22783
22788
22795
22803
22804
22805
22807
22808
22809
22815
22818
22827
22828
22829
22838
22839
22840
22842
22844
22846
22857
22859
22860
22861
22862
22863
22865
22866
22867
22868
22869
22871
22875
22876
22877
22878
22879
22880
22881
22882
22883
22895
22896
22897
22902
22903
22914
22915
22916
22917
22918
22919
22920
22921
22922
22923
22924
22925
22926
22927
22928
22929
22930
22931
22932
22933
22934
22935
22936
22937
22938
22939
22940
22941
22942
22943
22944
22949
22950
22951
22956
22957
22958
22961
22962
22963
22965
22967
22968
22969
22970
22971
22973
22974
22975
22976
22980
22982
22988
22994
22999
23003
23008
23009
23010
23011
23019
23023
23025
23029
23030
23031
23032
23033
23034
23036
23038
23039
23040
23041
23043
23044
23049
23050
23052
23056
23057
23058
23059
23060
23062
23063
23066
23067
23068
23069
23070
23071
23073
23088
23095
23096
23097
23098
23099
23100
23101
23102
23104
23105
23106
23107
23108
23109
23110
23111
23112
23113
23114
23115
23116
23117
23118
23119
23120
23121
23122
23123
23124
23130
23131
23132
23133
23135
23136
23137
23138
23139
23140
23141
23142
23143
23144
23145
23151
23156
23158
23159
23163
23166
23168
23170
23171
23172
23173
23174
23175
23176
23177
23178
23179
23180
23181
23182
23185
23188
23189
23191
23192
23193
23194
23196
23197
23198
23199
23200
23201
23202
23203
23215
23216
23218
23221
23222
23223
23224
23225
23226
23227
23228
23229
23230
23231
23232
23233
23234
23235
23236
23237
23239
23246
23251
23254
23259
23260
23261
23262
23268
23269
23270
23272
23273
23274
23275
23276
23280
23281
23282
23283
23284
23285
23286
23287
23288
23289
23290
23291
23292
23293
23294
23295
23296
23302
23305
23306
23307
23308
23311
23313
23314
23315
23316
23317
23318
23319
23320
23321
23322
23323
23324
23325
23326
23327
23329
23337
23338
23341
23344
23345
23352
23353
23354
23355
23356
23357
23358
23359
23360
23364
23365
23366
23367
23370
23371
23372
23373
23374
23375
23378
23379
23380
23382
23383
23384
23385
23386
23387
23388
23389
23390
23392
23393
23394
23395
23396
23397
23398
23401
23403
23412
23413
23414
23415
23416
23417
23418
23419
23420
23421
23422
23423
23435
23436
23437
23438
23439
23440
23441
23444
23445
23450
23463
23467
23470
23473
23478
23484
23485
23486
23488
23489
23493
23502
23503
23504
23505
23509
23510
23516
23517
23520
23521
23524
23525
23526
23527
23534
23535
23536
23537
23541
23545
23546
23547
23552
23557
23558
23560
23561
23563
23572
23574
23582
23585
23592
23594
23595
23607
23608
23615
23616
23617
23619
23620
23621
23622
23623
23624
23635
23636
23641
23646
23649
23651
23660
23661
23684
23685
23686
23687
23709
23710
23711
23712
23713
23714
23715
23716
23717
23718
23719
23720
23721
23722
23723
23724
23725
23726
23727
23736
23737
23738
23739
23740
23741
23742
23743
23744
23746
23747
23748
23749
23750
23751
23752
23754
23768
23769
23770
23771
23775
23776
23781
23782
23786
23787
23792
23794
23795
23797
23799
23800
23801
23802
23804
23805
23811
23814
23815
23820
23823
23825
23826
23828
23829
23830
23833
23835
23836
23837
23839
23843
23844
23849
23856
23857
23858
23859
23860
23862
23864
23865
23866
23867
23870
23871
23873
23877
23878
23881
23883
23885
23889
23898
23900
23901
23903
23911
23918
23922
23926
23927
23928
23929
23932
23933
23935
23936
23937
23938
23943
23944
23947
23948
23949
23958
23959
23960
23961
23968
23976
23979
23983
23984
23985
23986
23990
23994
23995
23996
23997
23998
24000
24001
24004
24005
24007
24008
24011
24014
24018
24020
24028
24034
24035
24036
24043
24046
24048
24049
24050
24051
24052
24053
24055
24056
24057
24058
24064
24068
24070
24073
24075
24077
24082
24085
24086
24088
24091
24092
24093
24095
24096
24098
24099
24100
24103
24105
24108
24109
24110
24111
24114
24117
24121
24126
24127
24129
24130
24133
24134
24135
24138
24145
24150
24152
24153
24158
24159
24161
24164
24165
24168
24172
24173
24174
24176
24177
24181
24185
24189
24193
24203
24204
24205
24209
24212
24217
24220
24224
24226
24228
24233
24236
24238
24239
24240
24241
24243
24244
24245
24248
24249
24250
24254
24255
24256
24265
24271
24277
24282
24285
24286
24287
24289
24295
24297
24299
24301
24302
24312
24313
24319
24320
24321
24329
24334
24335
24336
24338
24339
24342
24343
24344
24347
24349
24351
24352
24353
24365
24371
24373
24380
24381
24382
24383
24384
24385
24389
24391
24392
24393
24395
24397
24399
24400
24403
24405
24407
24408
24409
24410
24411
24414
24418
24419
24421
24422
24423
24424
24431
24432
24436
24437
24439
24442
24444
24446
24451
24452
24453
24454
24456
24458
24462
24463
24466
24469
24475
24478
24480
24482
24484
24485
24488
24489
24491
24494
24495
24497
24498
24503
24506
24509
24515
24518
24530
24541
24542
24544
24552
24562
24567
24572
24574
24576
24585
24587
24588
24591
24594
24598
24601
24602
24604
24606
24610
24621
24622
24631
24634
24635
24636
24638
24639
24644
24645
24649
24651
24652
24655
24657
24658
24660
24663
24664
24671
24708
24714
24727
24728
24729
24731
24733
24736
24739
24742
24744
24746
24752
24755
24762
24763
24766
24767
24769
24770
24773
24775
24776
24777
24782
24783
24789
24791
24793
24794
24795
24800
24802
24805
24807
24810
24817
24830
24837
24838
24842
24844
24846
24847
24859
24860
24873
24877
24881
24893
24896
24898
24899
24901
24904
24909
24914
24915
24924
24926
24927
24934
24936
24941
24943
24944
24952
24953
24966
24967
24970
24971
24977
24981
24983
24984
24993
24994
24995
24997
24998
24999
25002
25006
25007
25010
25013
25019
25022
25025
25026
25027
25033
25038
25040
25041
25043
25049
25050
25052
25061
25063
25068
25069
25072
25077
25078
25079
25086
25091
25096
25097
25098
25099
25107
25114
25115
25125
25126
25127
25130
25131
25134
25135
25137
25138
25139
25140
25146
25148
25155
25158
25159
25161
25163
25166
25169
25179
25181
25183
25186
25187
25188
25189
25192
25200
25206
25209
25213
25214
25217
25222
25226
25230
25234
25241
25247
25253
25257
25263
25265
25267
25273
25276
25282
25283
25284
25288
25289
25291
25293
25294
25298
25302
25309
25311
25312
25313
25316
25317
25319
25325
25327
25329
25330
25331
25333
25340
25351
25354
25356
25359
25361
25362
25363
25365
25366
25371
25385
25387
25401
25405
25415
25418
25420
25423
25424
25427
25431
25434
25440
25441
25445
25448
25451
25452
25458
25459
25460
25461
25466
25471
25478
25479
25480
25481
25482
25485
25488
25493
25496
25497
25504
25505
25507
25508
25510
25512
25513
25519
25520
25521
25523
25525
25526
25527
25532
25537
25540
25543
25545
25558
25561
25579
25587
25588
25589
25595
25596
25597
25600
25601
25606
25613
25617
25619
25621
25623
25624
25627
25632
25647
25655
25656
25660
25662
25664
25668
25672
25674
25675
25676
25680
25699
25702
25705
25706
25707
25709
25712
25713
25726
25728
25734
25746
25748
25753
25755
25759
25760
25761
25765
25767
25773
25777
25779
25785
25790
25791
25796
25799
25803
25804
25806
25813
25816
25817
25819
25825
25832
25837
25840
25841
25843
25859
25863
25865
25870
25874
25876
25880
25883
25885
25891
25894
25900
25902
25909
25915
25918
25931
25932
25933
25966
25977
25991
26006
26007
26010
26013
26039
26040
26042
26044
26056
26057
26063
26066
26086
26087
26089
26091
26101
26103
26105
26111
26116
26117
26123
26125
26130
26131
26132
26139
26145
26150
26158
26161
26162
26166
26173
26182
26189
26194
26195
26202
26207
26209
26213
26225
26226
26238
26241
26250
26252
26253
26263
26268
26280
26282
26288
26295
26309
26310
26313
26322
26327
26335
26337
26347
26355
26358
26360
26366
26368
26371
26375
26384
26389
26396
26402
26412
26420
26424
26426
26432
26434
26435
26437
26447
26448
26451
26462
26464
26479
26484
26503
26506
26508
26511
26516
26524
26526
26529
26531
26532
26533
26544
26549
26551
26555
26557
26559
26561
26564
26566
26568
26575
26583
26596
26601
26602
26603
26605
26612
26613
26620
26630
26633
26643
26646
26647
26651
26656
26666
26672
26673
26676
26685
26686
26690
26693
26704
26705
26712
26749
26754
26758
26761
26770
26772
26777
26786
26791
26799
26800
26801
26802
26811
26815
26817
26820
26825
26826
26827
26828
26829
26836
26841
26851
26855
26857
26866
26867
26870
26874
26876
26878
26879
26891
26894
26900
26902
26903
26904
26924
26926
26929
26930
26931
26934
26935
26939
26947
26954
26963
26967
26972
26973
26974
26982
26983
26988
26989
26993
27004
27005
27006
27010
27013
27014
27016
27018
27019
27020
27033
27039
27044
27045
27048
27049
27051
27053
27055
27056
27057
27070
27075
27077
27089
27092
27100
27103
27105
27112
27113
27115
27121
27128
27130
27131
27135
27146
27148
27151
27152
27154
27158
27161
27169
27170
27172
27194
27196
27199
27206
27209
27221
27228
27233
27235
27238
27240
27242
27246
27248
27258
27260
27268
27272
27274
27282
27283
27300
27303
27310
27314
27318
27319
27331
27332
27335
27340
27341
27346
27348
27356
27359
27370
27373
27378
27379
27388
27390
27391
27401
27402
27419
27424
27426
27427
27429
27431
27436
27447
27457
27460
27461
27462
27463
27465
27471
27473
27474
27478
27493
27496
27499
27501
27504
27505
27507
27511
27514
27515
27516
27517
27518
27528
27532
27533
27539
27546
27554
27556
27559
27565
27567
27569
27572
27576
27578
27583
27593
27600
27607
27609
27619
27630
27634
27635
27642
27644
27653
27654
27659
27665
27666
27667
27687
27701
27703
27704
27705
27707
27709
27717
27721
27723
27729
27733
27742
27743
27750
27755
27760
27772
27790
27791
27792
27794
27795
27796
27797
27798
27806
27808
27815
27833
27840
27843
27844
27847
27851
27852
27854
27856
27857
27868
27871
27878
27890
27896
27897
27899
27900
27901
27902
27905
27911
27915
27917
27918
27920
27926
27927
27930
27932
27933
27937
27941
27942
27944
27974
27976
27979
27983
27985
27986
27987
27989
27990
27992
27994
28005
28008
28014
28017
28019
28022
28026
28031
28033
28035
28036
28037
28038
28050
28052
28064
28070
28076
28077
28079
28089
28096
28097
28109
28113
28117
28124
28128
28139
28142
28148
28149
28150
28151
28160
28161
28164
28168
28175
28178
28179
28182
28183
28194
28195
28207
28210
28212
28217
28223
28231
28234
28235
28237
28250
28251
28253
28256
28267
28270
28278
28283
28294
28295
28297
28298
28299
28305
28307
28310
28311
28315
28319
28321
28330
28336
28344
28347
28348
28356
28362
28366
28367
28381
28384
28388
28390
28395
28398
28407
28421
28426
28430
28431
28437
28438
28442
28449
28452
28457
28460
28461
28466
28475
28478
28480
28487
28498
28499
28501
28502
28505
28512
28515
28528
28533
28541
28544
28547
28549
28551
28552
28553
28555
28556
28560
28564
28574
28581
28582
28585
28587
28590
28600
28604
28607
28611
28614
28616
28619
28623
28624
28629
28632
28633
28635
28644
28647
28648
28655
28658
28661
28668
28672
28675
28677
28691
28692
28696
28702
28703
28707
28708
28710
28711
28713
28717
28721
28724
28725
28727
28732
28741
28749
28750
28754
28755
28756
28764
28767
28769
28775
28784
28796
28799
28813
28819
28822
28823
28825
28826
28828
28831
28838
28840
28842
28847
28851
28861
28872
28883
28888
28889
28890
28894
28900
28903
28913
28914
28917
28925
28937
28938
28945
28946
28947
28955
28956
28965
28967
28969
28972
28974
28977
28979
28983
28985
28986
28990
28993
28995
29009
29011
29012
29014
29015
29016
29018
29022
29028
29032
29034
29038
29040
29048
29049
29055
29056
29060
29064
29071
29073
29074
29077
29090
29099
29101
29105
29106
29107
29111
29115
29118
29119
29120
29122
29125
29127
29134
29138
29139
29140
29143
29146
29155
29156
29166
29169
29170
29172
29173
29175
29176
29179
29182
29184
29188
29192
29193
29204
29217
29223
29224
29225
29226
29227
29234
29235
29239
29240
29241
29244
29253
29255
29257
29264
29271
29284
29285
29286
29291
29294
29295
29296
29300
29305
29306
29310
29315
29323
29324
29326
29327
29329
29330
29332
29338
29339
29344
29347
29355
29358
29362
29364
29365
29366
29371
29372
29373
29383
29385
29386
29401
29409
29412
29416
29417
29425
29429
29441
29442
29447
29451
29456
29465
29466
29471
29483
29484
29487
29489
29491
29503
29508
29509
29521
29522
29524
29528
29532
29534
29536
29538
29543
29544
29545
29555
29556
29564
29570
29574
29577
29578
29579
29581
29597
29608
29609
29616
29618
29628
29631
29634
29635
29637
29645
29651
29660
29661
29667
29677
29678
29680
29682
29687
29690
29693
29694
29695
29698
29699
29710
29714
29724
29731
29734
29736
29744
29756
29762
29767
29768
29771
29791
29793
29796
29801
29807
29820
29829
29834
29846
29855
29856
29857
29858
29874
29875
29876
29884
29888
29893
29894
29898
29905
29920
29929
29938
29942
29948
29949
29950
29958
29960
29963
29967
29970
29971
29973
29982
29984
29998
30005
30011
30012
30013
30014
30029
30032
30036
30043
30045
30047
30049
30053
30060
30064
30077
30086
30088
30090
30097
30104
30105
30110
30118
30120
30121
30125
30132
30133
30135
30141
30147
30148
30149
30155
30161
30165
30183
30200
30201
30202
30204
30221
30232
30235
30236
30237
30241
30244
30252
30253
30254
30258
30259
30264
30266
30276
30277
30288
30296
30306
30307
30320
30329
30330
30333
30345
30348
30361
30363
30366
30370
30377
30378
30383
30395
30398
30402
30405
30407
30414
30416
30418
30419
30424
30425
30426
30427
30429
30438
30440
30442
30443
30450
30451
30453
30455
30457
30463
30464
30466
30467
30472
30491
30492
30493
30495
30502
30507
30521
30524
30526
30529
30533
30534
30535
30537
30545
30554
30562
30563
30566
30567
30570
30578
30580
30583
30591
30592
30599
30601
30612
30613
30624
30626
30627
30637
30639
30642
30649
30656
30662
30674
30676
30686
30692
30695
30696
30703
30707
30731
30740
30741
30742
30748
30753
30754
30756
30764
30765
30767
30768
30769
30770
30771
30772
30773
30775
30778
30779
30784
30787
30799
30803
30808
30809
30816
30820
30821
30822
30824
30825
30826
30831
30832
30844
30845
30846
30849
30855
30856
30858
30860
30861
30864
30868
30870
30872
30875
30886
30891
30893
30896
30910
30913
30915
30917
30923
30927
30929
30935
30941
30943
30946
30947
30954
30957
30960
30966
30970
30974
30979
30980
30981
30991
30992
30994
30996
31003
31007
31017
31020
31024
31030
31031
31038
31042
31046
31053
31059
31067
31069
31070
31071
31075
31079
31081
31082
31083
31086
31087
31091
31094
31096
31101
31107
31110
31113
31114
31115
31116
31119
31138
31140
31142
31143
31147
31148
31151
31158
31160
31174
31175
31178
31179
31181
31184
31194
31196
31201
31202
31208
31212
31217
31218
31224
31225
31227
31241
31247
31251
31262
31264
31266
31273
31275
31281
31282
31288
31294
31295
31297
31301
31304
31306
31307
31310
31318
31321
31323
31324
31331
31338
31339
31348
31351
31353
31354
31357
31358
31360
31362
31370
31378
31379
31386
31388
31390
31393
31394
31395
31398
31399
31403
31404
31437
31438
31439
31448
31449
31451
31455
31456
31461
31462
31464
31469
31470
31475
31477
31486
31488
31491
31496
31498
31502
31506
31509
31510
31548
31550
31551
31554
31559
31563
31565
31567
31568
31569
31570
31581
31585
31588
31590
31591
31594
31595
31596
31598
31603
31605
31616
31619
31622
31634
31635
31642
31643
31644
31645
31646
31648
31649
31650
31657
31658
31821
31822
31823
31824
31825
31826
31827
31828
31829
31830
31831
31832
31833
31834
31835
31836
31837
31838
31839
31840
31841
31842
31843
31844
31845
31846
31847
31848
31849
31850
31851
31852
31853
31854
31855
31856
31857
31858
31859
31860
31861
31862
31863
31864
31865
31866
31867
31868
31869
31870
31871
31872
31873
31874
31875
31876
31877
31878
31879
31880
31881
31882
31883
31884
31885
31886
31887
31888
31889
31890
31891
31892
31893
31894
31895
31896
31897
31898
31899
31900
31901
31902
31903
31904
31905
31906
31907
31908
31909
31910
31911
31912
31913
31914
31915
31916
31917
31918
31919
31920
31921
31922
31923
31924
31925
31926
31927
31928
31929
31930
31931
31932
31933
31934
31935
31936
31937
31938
31939
31940
31941
31942
31943
31944
31945
31946
31947
31948
31949
31950
31951
31952
31953
31954
31955
31956
31957
31958
31959
31960
31961
31962
31963
31964
31965
31966
31967
31968
31969
31970
31971
31972
31973
31974
31975
31976
31977
31978
31979
31980
31981
31982
31983
31984
31985
31986
31987
31988
31989
31990
31991
31992
31993
31994
31995
31996
31997
31998
31999
32000
32001
32002
32003
32004
32005
32006
32007
32008
32009
32010
32011
32012
32013
32014
32015
32016
32017
32018
32019
32020
32021
32022
32023
32024
32025
32026
32027
32028
32029
32030
32031
32032
32033
32034
32035
32036
32037
32038
32039
32040
32041
32042
32043
32044
32045
32046
32047
32048
32049
32050
32051
32052
32053
32054
32055
32056
32057
32058
32059
32060
32061
32096
32097
32098
32099
32100
32103
32104
32107
32108
32109
32114
32117
32118
32255
32256
32279
32284
32491
32686
32687
32688
32689
32690
32691
32692
32693
32694
32695
32696
32697
32698
32699
32700
32701
32702
32703
32704
32705
32706
32707
32708
32709
32710
32711
32712
32713
32714
32715
32729
32730
32731
32732
32733
32734
32735
32736
32738
32739
32743
32744
32745
32746
32747
32748
32750
32751
32753
32756
32757
32760
32761
32763
32764
32765
32766
32767
32768
32769
32770
32771
32772
32773
32774
32775
32776
32777
32778
32779
32780
32781
32782
32783
32784
32785
32786
32787
32788
32789
32790
32791
32792
32793
32794
32795
32796
32797
32798
32799
32800
32801
32802
32803
32804
32805
32806
32807
32808
32809
32810
32811
32812
32813
32815
32817
32820
33076
33077
33078
33105
33109
33112
33133
33136
33186
33229
33230
33231
33232
33233
33234
33235
33251
33252
33308
33309
33310
33352
33353
33450
33451
33456
33484
33485
33508
33512
33513
33514
33515
33516
33517
33518
33519
33520
33521
33522
33523
33524
33525
33560
33561
33575
33592
33596
33614
33615
33616
33617
33618
33619
33620
33621
33622
33623
33624
33625
33626
33627
33628
33629
33630
33631
33632
33633
33634
33635
33636
33637
33638
33639
33640
33641
33642
33747
33748
33758
33759
33762
33767
33771
33774
33775
33777
33991
33992
33993
33994
33995
33996
33997
33998
33999
34000
34001
34002
34003
34004
34005
34006
34007
34008
34009
34010
34011
34014
34064
34065
34070
34074
34075
34077
34085
34086
34087
34109
34110
34111
34112
34113
34114
34115
34332
34333
34334
34335
34336
34337
34338
34339
34340
34341
34342
34343
34344
34345
34346
34347
34348
34349
34350
34351
34352
34353
34354
34355
34356
34357
34358
34359
34360
34361
34362
34363
34364
34365
34366
34367
34368
34369
34370
34371
34372
34373
34374
34375
34376
34377
34378
34379
34380
34381
34382
34384
34385
34386
34387
34388
34389
34390
34391
34392
34394
34396
34397
34406
34408
34409
34410
34411
34412
34413
34427
34430
34431
34432
34439
34442
34445
34573
34577
34590
34591
34592
34593
34611
34617
34618
34621
34629
34630
34631
34632
34633
34634
34635
34636
34637
34638
34639
34640
34641
34642
34643
34644
34645
34646
34647
34648
34649
34650
34651
34652
34653
34654
34655
34656
34657
34658
34659
34660
34661
34662
34663
34664
34665
34666
34667
34668
34669
34670
34671
34672
34673
34674
34675
34676
34677
34678
34679
34680
34681
34682
34683
34684
34685
34686
34687
34688
34689
34690
34691
34692
34693
34694
34695
34696
34697
34698
34699
34700
34701
34702
34703
34704
34705
34706
34707
34708
34709
34710
34711
34712
34713
34714
34715
34716
34717
34718
34719
34720
34721
34722
34723
34724
34725
34726
34727
34728
34729
34730
34731
34732
34733
34734
34735
34736
34737
34738
34739
34740
34741
34742
34743
34744
34745
34746
34747
34748
34749
34750
34751
34752
34753
34754
34755
34756
34757
34758
34759
34760
34761
34762
34763
34764
34765
34766
34767
34768
34769
34770
34771
34772
34773
34774
34775
34776
34777
34778
34779
34780
34781
34782
34783
34784
34785
34786
34787
34788
34789
34790
34791
34792
34793
34794
34795
34796
34797
34798
34799
34875
34876
34879
34880
34881
34882
34883
34884
34885
34886
34887
34888
34889
34890
34891
34892
34893
34894
34895
34896
34897
34898
34899
34900
34901
34902
34903
34904
34905
34906
34907
34908
34909
34910
34911
34912
34913
34914
34915
34916
34917
34918
34919
34920
34921
34922
34923
34924
34925
34926
34927
34928
34929
34930
34931
34932
34933
34934
34935
34936
34937
34938
34939
34940
34941
34942
34943
34944
34945
34946
34947
34948
34949
34950
34951
34952
34953
34954
34955
34956
34957
34958
34959
34960
34961
34962
34963
34964
34965
34966
34967
34968
34969
34970
34971
34972
34973
34974
34975
34976
34977
34978
34979
34980
34981
34982
34983
34984
34985
34986
34987
34988
34989
34990
34991
34992
34993
34994
34999
35000
35001
35002
35003
35004
35005
35008
35009
35010
35011
35012
35013
35014
35016
35017
35022
35027
35028
35029
35032
35035
35038
35039
35040
35041
35042
35045
35046
35051
35052
35053
35054
35055
35056
35057
35058
35059
35060
35061
35062
35063
35064
35065
35066
35067
35068
35069
35070
35071
35072
35073
35074
35075
35076
35077
35078
35079
35080
35085
35087
35090
35091
35092
35093
35094
35095
35096
35097
35098
35099
35100
35101
35102
35103
35104
35105
35106
35107
35108
35109
35110
35111
35116
35117
35118
35119
35120
35121
35122
35123
35124
35125
35128
35129
35130
35131
35132
35133
35134
35135
35136
35137
35138
35139
35140
35142
35143
35144
35145
35146
35147
35148
35149
35150
35151
35152
35153
35154
35155
35158
35159
35160
35161
35162
35163
35164
35165
35166
35167
35168
35175
35176
35177
35178
35179
35180
35181
35182
35183
35184
35185
35186
35187
35188
35189
35190
35191
35192
35193
35194
35195
35196
35197
35198
35199
35200
35214
35215
35216
35217
35218
35219
35220
35221
35222
35225
35226
35227
35228
35229
35230
35231
35232
35233
35236
35237
35238
35240
35241
35242
35243
35244
35245
35246
35247
35248
35249
35250
35251
35252
35253
35259
35260
35261
35262
35263
35264
35265
35266
35267
35268
35269
35270
35271
35272
35273
35274
35275
35276
35277
35281
35282
35283
35284
35285
35286
35287
35288
35289
35290
35295
35296
35302
35308
35309
35320
35321
35322
35333
35334
35336
35337
35348
35349
35350
35351
35354
35355
35356
35396
35397
35406
35407
35408
35409
35414
35415
35416
35417
35418
35419
35425
35426
35429
35430
35431
35436
35438
35439
35440
35441
35442
35444
35446
35447
35449
35450
35451
35466
35467
35468
35469
35470
35471
35475
35484
35485
35486
35842
35843
35844
35845
35846
35847
35848
35849
35850
35851
35853
35854
35855
35856
35857
35858
35859
35860
35861
35862
35863
35864
35865
35866
35867
35868
35869
35870
35871
35872
35874
35876
35878
35879
35881
35882
35885
35886
35888
35889
35890
35891
35892
35893
35894
35895
35896
35897
35898
35899
35900
35901
35902
35903
35904
35905
35906
35908
35909
35910
35911
35913
35914
35915
35916
35917
35918
35919
35920
35921
35922
35923
35924
35925
35926
35927
35928
35929
35930
35931
35932
35933
35934
35935
35936
35937
35938
35939
35940
35941
35942
35943
35944
35945
35946
35947
35948
35949
35950
35951
35952
35953
35954
35955
35956
35957
35958
35959
35960
35961
35962
35963
35964
35965
35966
35967
35968
35969
35970
35971
35972
36000
36001
36004
36013
36016
36017
36018
36019
36022
36025
36026
36029
36030
36032
36033
36035
36036
36037
36038
36040
36041
36042
36074
36075
36081
36082
36083
36084
36085
36086
36087
36088
36089
36090
36091
36113
36114
36115
36116
36117
36118
36119
36120
36122
36123
36130
36132
36133
36134
36135
36136
36137
36138
36139
36140
36141
36142
36143
36144
36145
36146
36147
36148
36149
36150
36151
36152
36153
36154
36155
36156
36157
36158
36159
36160
36161
36163
36164
36165
36166
36167
36168
36169
36170
36171
36172
36173
36174
36175
36176
36177
36178
36179
36180
36181
36182
36185
36186
36191
36192
36195
36196
36198
36205
36235
36236
36237
36238
36239
36240
36241
36246
36253
36254
36266
36267
36268
36270
36271
36272
36278
36279
36280
36281
36282
36283
36284
36286
36287
36291
36294
36295
36296
36297
36298
36299
36300
36301
36302
36303
36304
36305
36306
36307
36308
36309
36310
36311
36312
36313
36314
36315
36316
36317
36318
36319
36320
36321
36322
36323
36324
36325
36326
36327
36328
36329
36330
36331
36332
36333
36334
36335
36336
36337
36338
36339
36340
36341
36342
36343
36344
36345
36346
36347
36348
36349
36350
36351
36352
36353
36354
36355
36356
36357
36358
36359
36360
36361
36362
36363
36364
36365
36366
36367
36368
36369
36370
36371
36372
36373
36374
36375
36376
36377
36378
36379
36380
36381
36384
36385
36408
36409
36410
36411
36412
36413
36416
36422
36423
36424
36426
36434
36435
36436
36437
36438
36439
36440
36441
36442
36443
36444
36445
36446
36448
36504
36505
36506
36507
36508
36540
36541
36542
36565
36566
36567
36568
36569
36590
36602
36607
36608
36609
36610
36611
36612
36613
36614
36615
36619
36620
36623
36624
36625
36626
36627
36629
36630
36631
36635
36638
36639
36640
36641
36642
36643
36644
36645
36646
36647
36648
36649
36650
36651
36652
36653
36654
36655
36656
36657
36658
36659
36660
36661
36662
36663
36675
36676
36677
36678
36679
36680
36681
36682
36683
36684
36685
36686
36687
36688
36689
36692
36693
36694
36711
36729
36730
36745
36746
36751
36752
36753
36756
36757
36758
36759
36760
36761
36765
36766
36767
36768
36769
36770
36771
36772
36777
36778
36779
36786
36787
36788
36789
36827
36828
36829
36830
36832
36849
36850
36851
36852
36853
36862
36863
36887
36888
36895
36896
36897
36898
36910
36911
36912
36921
36922
36942
36953
36954
36968
36974
36975
36979
36981
36985
36991
36992
36993
37002
37003
37115
37116
37121
37122
37125
37126
37130
37131
37132
37135
37136
37137
37186
37187
37188
37189
37199
37200
37205
37245
37246
37252
37253
37254
37255
37256
37259
37260
37267
37268
37269
37270
37271
37272
37273
37274
37275
37276
37277
37278
37279
37280
37281
37282
37283
37284
37285
37286
37287
37288
37289
37290
37291
37292
37293
37294
37295
37296
37297
37298
37299
37300
37301
37302
37314
37319
37322
37324
37330
37331
37383
37384
37385
37386
37387
37390
37420
37421
37422
37423
37426
37438
37439
37440
37441
37444
37448
37449
37450
37460
37461
37462
37463
37464
37465
37468
37469
37470
37474
37477
37483
37484
37485
37486
37487
37488
37489
37490
37491
37659
37661
37662
37668
37669
37670
37677
37678
37679
37680
37681
37682
37684
37685
37688
37694
37702
37703
37704
37710
37719
37720
37721
37768
37806
37821
37822
37823
37829
37839
37841
37842
37890
37897
37900
37902
37906
37907
37964
37965
37968
37974
37976
37978
37984
37994
37998
37999
38012
38013
38014
38016
38017
38018
38019
38020
38021
38022
38023
38025
38027
38028
38029
38030
38031
38032
38033
38034
38035
38036
38046
38053
38088
38092
38109
38110
38115
38116
38117
38118
38131
38132
38133
38141
38144
38147
38151
38158
38159
38160
38161
38162
38163
38164
38165
38166
38167
38168
38169
38213
38219
38231
38235
38236
38250
38251
38252
38260
38268
38269
38307
38308
38314
38317
38320
38325
38326
38330
38331
38332
38340
38343
38344
38345
38349
38354
38363
38364
38365
38367
38368
38370
38371
38376
38378
38380
38385
38386
38387
38388
38392
38393
38394
38395
38403
38404
38405
38406
38407
38409
38410
38411
38412
38413
38414
38422
38423
38425
38426
38427
38428
38429
38430
38432
38433
38434
38435
38436
38437
38438
38439
38440
38441
38442
38443
38444
38445
38446
38447
38448
38449
38450
38451
38452
38453
38454
38455
38456
38457
38458
38459
38460
38461
38462
38463
38464
38465
38466
38467
38468
38469
38470
38471
38472
38473
38474
38475
38476
38477
38478
38482
38493
38494
38496
38497
38498
38499
38500
38502
38506
38507
38508
38509
38510
38511
38512
38535
38539
38540
38541
38542
38543
38544
38553
38554
38557
38558
38559
38560
38561
38565
38566
38567
38568
38581
38598
38599
38603
38604
38605
38606
38607
38608
38609
38612
38613
38614
38621
38644
38646
38647
38650
38651
38652
38653
38654
38660
38661
38668
38669
38670
38672
38673
38674
38675
38681
38684
38685
38716
38717
38718
38719
38720
38721
38751
38752
38763
38764
38765
38766
38767
38771
38781
38782
38791
38804
38806
38899
38905
38906
38925
38926
38927
38934
38935
38948
38949
38950
38951
38952
38953
38954
38955
38961
38963
38965
38968
38978
38981
38988
38989
39001
39002
39003
39004
39005
39016
39017
39019
39020
39021
39022
39023
39026
39038
39039
39058
39059
39060
39063
39064
39067
39069
39075
39076
39077
39078
39079
39085
39091
39092
39095
39096
39098
39099
39102
39139
39145
39146
39147
39150
39153
39167
39192
39193
39194
39198
39200
39202
39206
39207
39208
39209
39210
39213
39232
39233
39235
39239
39242
39244
39247
39248
39249
39261
39262
39263
39268
39269
39270
39271
39273
39274
39275
39283
39284
39285
39286
39287
39288
39291
39301
39302
39303
39304
39307
39310
39317
39318
39319
39340
39341
39342
39349
39350
39351
39353
39354
39355
39356
39357
39360
39368
39375
39376
39377
39378
39379
39380
39381
39382
39383
39386
39388
39400
39402
39403
39404
39406
39409
39427
39429
39430
39431
39432
39433
39436
39437
39438
39439
39449
39450
39452
39456
39460
39466
39467
39468
39469
39471
39472
39486
39487
39488
39489
39492
39493
39503
39504
39513
39514
39515
39516
39517
39518
39519
39520
39521
39522
39523
39524
39525
39526
39532
39533
39536
39984
40008
40009
40010
40011
40012
40013
40016
40017
40018
40020
40031
40037
40038
40039
40040
40041
40042
40043
40044
40045
40046
40058
40059
40061
40063
40064
40066
40067
40068
40073
40074
40075
40077
40081
40091
40092
40098
40099
40100
40101
40102
40103
40104
40105
40106
40107
40108
40109
40110
40111
40112
40113
40114
40116
40117
40128
40130
40131
40132
40134
40137
40140
40160
40161
40163
40165
40168
40177
40178
40180
40181
40191
40200
40203
40204
40213
40217
40222
40223
40236
40244
40245
40247
40248
40249
40250
40258
40259
40266
40267
40270
40275
40276
40297
40298
40299
40304
40305
40307
40308
40310
40311
40314
40315
40316
40317
40322
40323
40327
40334
40347
40350
40369
40370
40379
40380
40381
40382
40383
40392
40397
40399
40400
40404
40407
40412
40414
40415
40428
40429
40436
40437
40438
40439
40440
40447
40448
40449
40452
40459
40460
40477
40478
40479
40480
40482
40483
40494
40495
40496
40497
40498
40499
40500
40501
40502
40503
40504
40505
40506
40507
40508
40509
40510
40513
40515
40516
40517
40518
40519
40644
40645
40646
40647
40648
40649
40650
40651
40652
40653
40654
40655
40656
40657
40658
40659
40660
40661
40675
40707
40708
40737
40740
40751
40752
40753
40754
40755
40756
40757
40758
40759
40760
40761
40762
40763
40764
40765
40766
40777
40786
40788
40791
40792
40800
40805
40806
40807
40808
40809
40810
40820
40821
40830
40835
40837
40841
40847
40852
40853
40854
40855
40856
40857
40858
40859
40867
40876
40880
40881
40884
40885
40909
40911
40912
40913
40917
40918
40931
40932
40934
40952
40957
40969
40970
40992
40993
40994
40995
40996
40997
41006
41007
41008
41009
41010
41011
41012
41017
41018
41019
41020
41021
41022
41023
41024
41025
41026
41027
41028
41029
41030
41031
41047
41048
41049
41050
41051
41052
41053
41054
41055
41069
41070
41071
41072
41076
41077
41078
41081
41083
41084
41085
41097
41098
41099
41100
41101
41102
41103
41104
41128
41358
41362
41363
41365
41366
41367
41372
41373
41374
41375
41376
41377
41378
41383
41385
41389
41390
41393
41394
41395
41397
41401
41407
41408
41409
41411
41414
41415
41416
41417
41418
41419
41420
41422
41433
41434
41435
41436
41446
41450
41451
41452
41455
41456
41457
41458
41459
41460
41462
41465
41474
41493
41496
41497
41498
41499
41500
41501
41502
41503
41504
41505
41506
41507
41508
41509
41510
41511
41512
41518
41522
41523
41524
41528
41529
41530
41536
41565
41566
41567
41568
41569
41582
41589
41590
41595
41598
41599
41608
41609
41611
41612
41617
41618
41620
41621
41634
41635
41638
41639
41640
41641
41642
41644
41645
41646
41647
41648
41649
41650
41651
41652
41653
41654
41662
41663
41666
41683
41690
41693
41695
41696
41697
41698
41704
41705
41706
41707
41708
41709
41710
41711
41712
41713
41718
41719
41720
41721
41722
41723
41724
41725
41726
41727
41728
41729
41730
41731
41732
41736
41741
41746
41752
41753
41761
41762
41768
41770
41771
41772
41773
41774
41775
41776
41777
41778
41779
41780
41781
41782
41783
41784
41785
41786
41787
41788
41789
41790
41791
41792
41793
41794
41795
41796
41797
41798
41799
41800
41801
41802
41803
41808
41809
41810
41813
41817
41818
41819
41826
41827
41828
41829
41833
41834
41835
41837
41839
41849
41851
41868
41871
41876
41877
41879
41887
41891
41895
41896
41897
41902
41910
41911
41914
41942
41943
41961
41964
41965
41966
41982
42009
42011
42024
42035
42043
42054
42056
42066
42073
42086
42087
42088
42089
42126
42127
42128
42138
42139
42140
42143
42167
42169
42170
42174
42175
42178
42179
42181
42190
42191
42192
42198
42200
42214
42215
42218
42219
42224
42227
42228
42230
42238
42242
42244
42245
42246
42262
42263
42269
42270
42271
42272
42276
42283
42284
42285
42286
42287
42288
42295
42298
42300
42302
42310
42312
42313
42314
42315
42318
42322
42323
42326
42327
42329
42331
42351
42352
42358
42359
42366
42367
42382
42383
42388
42392
42399
42402
42403
42404
42405
42406
42407
42408
42409
42410
42411
42412
42413
42414
42415
42416
42417
42418
42419
42420
42421
42422
42428
42431
42432
42433
42437
42438
42439
42440
42466
42467
42473
42474
42475
42486
42489
42498
42499
42500
42501
42506
42521
42522
42526
42527
42535
42536
42537
42550
42551
42552
42553
42554
42555
42556
42557
42560
42561
42562
42563
42567
42571
42575
42585
42588
42589
42593
42594
42596
42599
42604
42609
42618
42619
42621
42623
42624
42626
42627
42628
42630
42631
42632
42635
42692
42694
42695
42696
42697
42698
42699
42713
42714
42715
42716
42717
42718
42719
42720
42721
42731
42733
42736
42737
42738
42739
42746
42748
42749
42750
42751
42752
42753
42754
42755
42756
42757
42758
42759
42760
42761
42762
42763
42764
42765
42766
42767
42768
42769
42770
42771
42772
42775
42776
42780
42781
42782
42783
42784
42785
42786
42787
42788
42789
42790
42791
42792
42793
42794
42795
42796
42797
42798
42799
42800
42801
42802
42803
42804
42805
42806
42807
42808
42809
42810
42813
42816
42817
42818
42819
42827
42844
42848
42851
42852
42890
42895
42898
42901
42902
42905
42907
42908
42909
42923
42924
42925
42926
42930
42931
42932
42934
42935
42942
42943
42944
42945
42946
42947
42948
42949
42950
42951
42952
42953
42958
42959
42963
42964
42965
42979
42982
42983
42987
42989
42992
42998
43000
43001
43002
43005
43006
43007
43008
43009
43010
43011
43012
43013
43014
43015
43016
43018
43023
43027
43028
43031
43036
43037
43038
43039
43040
43046
43047
43048
43049
43050
43051
43052
43053
43054
43070
43080
43094
43095
43096
43103
43104
43111
43112
43113
43114
43124
43131
43132
43133
43134
43135
43149
43150
43151
43153
43156
43157
43159
43164
43166
43167
43169
43170
43180
43181
43195
43196
43201
43205
43206
43209
43210
43229
43230
43235
43238
43239
43247
43248
43249
43251
43252
43255
43256
43257
43258
43259
43261
43264
43265
43266
43267
43269
43273
43274
43280
43281
43282
43283
43288
43289
43290
43296
43311
43312
43313
43315
43316
43322
43327
43330
43336
43337
43341
43342
43343
43344
43354
43355
43356
43367
43368
43377
43378
43379
43395
43396
43397
43404
43408
43420
43421
43427
43428
43430
43431
43434
43435
43436
43437
43438
43439
43440
43441
43442
43443
43444
43445
43446
43447
43449
43451
43464
43469
43470
43474
43476
43483
43484
43485
43486
43494
43504
43505
43506
43508
43511
43527
43528
43555
43556
43572
43573
43574
43575
43576
43577
43578
43579
43580
43583
43592
43593
43594
43596
43597
43600
43606
43607
43608
43612
43615
43617
43618
43620
43621
43622
43623
43627
43628
43629
43630
43632
43633
43634
43638
43643
43644
43645
43646
43647
43648
43649
43650
43661
43888
43898
43899
43906
43907
43922
43943
43945
43946
43947
43950
43954
43955
43957
43958
43968
43971
43989
43990
43993
43994
43995
43996
43997
43998
43999
44000
44001
44002
44003
44017
44018
44028
44033
44034
44038
44039
44042
44061
44062
44063
44064
44067
44071
44072
44073
44096
44099
44100
44103
44109
44154
44157
44158
44166
44175
44195
44207
44208
44209
44210
44211
44218
44233
44234
44235
44236
44252
44255
44265
44286
44287
44288
44290
44297
44310
44311
44312
44314
44320
44323
44325
44327
44328
44329
44330
44350
44351
44352
44353
44354
44355
44360
44361
44366
44367
44370
44371
44375
44386
44387
44388
44389
44393
44394
44395
44404
44405
44406
44411
44416
44423
44424
44427
44429
44430
44431
44432
44433
44434
44441
44459
44460
44469
44508
44529
44531
44537
44539
44540
44548
44551
44552
44553
44561
44564
44565
44568
44569
44584
44586
44587
44590
44597
44600
44602
44603
44604
44605
44608
44609
44610
44611
44612
44623
44632
44633
44634
44635
44638
44642
44647
44648
44651
44652
44654
44655
44656
44657
44660
44662
44663
44665
44666
44667
44668
44670
44673
44677
44678
44684
44685
44686
44687
44690
44691
44693
44694
44695
44696
44697
44699
44703
44704
44707
44708
44712
44713
44714
44715
44716
44720
44729
44733
44734
44735
44736
44737
44738
44740
44741
44743
44744
44754
44755
44756
44757
44758
44759
44765
44766
44768
44769
44776
44777
44778
44782
44789
44790
44795
44797
44798
44799
44803
44805
44821
44824
44825
44833
44836
44838
44839
44855
44857
44858
44859
44860
44861
44862
44863
44878
44879
44881
44882
44883
44884
44895
44896
44897
44901
44902
44903
44904
44905
44906
44907
44908
44909
44910
44911
44912
44913
44914
44915
44916
44917
44918
44919
44920
44921
44922
44923
44924
44925
44926
44927
44928
44931
44932
44936
44941
44955
44960
44961
44962
44964
44965
44975
44982
44992
45036
45037
45040
45043
45044
45046
45047
45048
45060
45061
45064
45065
45066
45067
45068
45072
45076
45081
45084
45088
45090
45097
45098
45105
45110
45111
45112
45121
45128
45129
45130
45131
45132
45134
45141
45145
45146
45171
45172
45173
45193
45205
45206
45207
45212
45215
45220
45221
45225
45232
45233
45237
45238
45240
45247
45250
45251
45252
45267
45270
45271
45273
45280
45281
45282
45283
45284
45300
45301
45302
45305
45307
45308
45311
45312
45314
45327
45328
45329
45330
45332
45339
45340
45343
45344
45359
45375
45383
45386
45387
45388
45389
45391
45392
45393
45394
45408
45409
45410
45411
45412
45413
45420
45442
45443
45466
45471
45472
45473
45474
45488
45489
45490
45513
45514
45516
45517
45518
45537
45538
45539
45548
45549
45574
45587
45588
45589
45590
45591
45592
45593
45595
45596
45643
45644
45652
45653
45654
45655
45656
45657
45707
45711
45712
45713
45717
45720
45721
45722
45723
45724
45728
45749
45750
45751
45754
45762
45763
45764
45774
45777
45800
45808
45819
45824
45836
45837
45838
45839
45843
45844
45845
45846
45847
45848
45856
45857
45858
45864
45872
45874
45875
45876
45877
45878
45880
45881
45882
45886
45887
45894
45895
45902
45903
45904
45905
45917
45927
45931
45932
45933
45934
45935
45936
45942
45950
45952
45953
45957
45959
45961
45962
45963
45965
45966
45967
45971
45972
45982
45984
45991
45994
46017
46018
46019
46020
46021
46025
46026
46029
46063
46064
46065
46072
46073
46084
46085
46087
46088
46089
46096
46097
46098
46099
46100
46112
46113
46116
46117
46118
46119
46120
46127
46130
46131
46133
46134
46140
46141
46142
46154
46157
46180
46192
46193
46198
46199
46200
46201
46202
46203
46204
46205
46210
46220
46237
46240
46243
46245
46246
46247
46248
46250
46258
46260
46262
46277
46279
46280
46281
46282
46294
46295
46296
46299
46300
46303
46304
46305
46307
46308
46309
46310
46311
46316
46317
46318
46319
46320
46321
46322
46323
46324
46325
46326
46327
46334
46335
46349
46350
46351
46352
46353
46356
46382
46386
46393
46394
46395
46396
46402
46413
46415
46416
46417
46426
46433
46462
46474
46475
46476
46477
46478
46479
46484
46509
46512
46516
46517
46521
46524
46525
46532
46537
46538
46539
46540
46557
46560
46561
46572
46580
46581
46583
46599
46601
46605
46606
46618
46624
46625
46632
46639
46643
46656
46657
46658
46671
46675
46678
46679
46682
46683
46684
46686
46690
46692
46693
46694
46700
46701
46702
46718
46719
46720
46734
46735
46743
46752
46753
46755
46756
46761
46766
46773
46775
46776
46778
46779
46781
46791
46793
46794
46798
46800
46801
46802
46808
46827
46836
46837
46838
46843
46851
46852
46853
46859
46874
46878
46879
46886
46887
46888
46892
46893
46894
46895
46900
46903
46906
46907
46908
46909
46913
46938
46939
46941
46945
46946
46947
46949
46951
46952
46954
46955
46995
46996
46998
47002
47009
47035
47036
47037
47043
47057
47058
47060
47071
47072
47077
47078
47079
47090
47091
47092
47093
47098
47101
47107
47108
47109
47110
47116
47133
47147
47148
47158
47159
47178
47179
47180
47181
47182
47188
47192
47195
47215
47216
47228
47235
47236
47240
47241
47242
47244
47245
47246
47247
47249
47250
47252
47270
47281
47290
47291
47299
47300
47303
47304
47330
47350
47351
47353
47356
47358
47359
47360
47363
47373
47379
47380
47387
47388
47397
47398
47399
47440
47441
47447
47448
47449
47451
47463
47464
47469
47470
47474
47497
47498
47499
47505
47510
47511
47512
47513
47522
47525
47526
47527
47528
47530
47535
47539
47547
47548
47551
47552
47553
47560
47576
47577
47589
47594
47598
47599
47606
47630
47631
47632
47633
47634
47635
47640
47647
47653
47654
47655
47657
47661
47663
47669
47675
47686
47687
47688
47689
47690
47691
47694
47697
47703
47709
47710
47713
47718
47719
47721
47722
47729
47732
47742
47749
47750
47751
47754
47755
47756
47757
47765
47766
47769
47774
47775
47776
47779
47780
47789
47794
47798
47800
47803
47808
47812
47813
47821
47837
47839
47840
47849
47855
47857
47868
47869
47870
47871
47876
47877
47878
47880
47894
47896
47897
47898
47899
47902
47909
47910
47911
47912
47916
47930
47932
47933
47934
47935
47936
47950
47961
47963
47965
47971
47972
47973
47974
47985
47986
47987
47998
47999
48010
48011
48012
48026
48027
48028
48029
48030
48031
48032
48033
48052
48062
48063
48069
48086
48090
48091
48092
48093
48094
48095
48096
48098
48099
48100
48102
48104
48105
48106
48110
48111
48120
48134
48135
48141
48142
48145
48147
48148
48158
48159
48174
48180
48181
48182
48183
48184
48187
48188
48189
48190
48191
48192
48193
48194
48195
48196
48197
48198
48199
48200
48201
48202
48203
48204
48205
48206
48207
48211
48212
48214
48224
48225
48237
48238
48240
48241
48245
48259
48260
48267
48268
48270
48271
48272
48299
48300
48301
48302
48303
48304
48327
48328
48329
48340
48346
48347
48365
48366
48372
48374
48381
48382
48383
48390
48391
48392
48408
48413
48422
48434
48435
48436
48437
48442
48466
48472
48473
48477
48478
48479
48480
48482
48501
48502
48511
48514
48515
48516
48517
48518
48519
48520
48525
48532
48533
48534
48541
48542
48547
48552
48554
48558
48559
48560
48563
48564
48565
48566
48567
48583
48588
48592
48607
48608
48616
48624
48625
48632
48633
48639
48640
48641
48652
48653
48655
48661
48667
48668
48669
48673
48675
48680
48687
48688
48689
48695
48698
48701
48702
48705
48706
48707
48708
48713
48714
48717
48719
48720
48725
48726
48737
48738
48741
48743
48744
48759
48760
48761
48762
48763
48798
48799
48800
48801
48802
48806
48811
48827
48828
48833
48852
48853
48854
48855
48857
48858
48860
48862
48863
48871
48872
48874
48875
48876
48877
48878
48879
48889
48890
48892
48896
48897
48902
48910
48911
48912
48935
48942
48943
48944
48947
48948
48949
48950
48952
48959
48968
48970
48974
48975
48976
48978
48979
48983
48984
48987
48988
48991
48992
48996
48998
49018
49019
49020
49021
49022
49023
49024
49025
49026
49027
49028
49029
49030
49031
49032
49033
49034
49035
49036
49037
49038
49039
49040
49041
49042
49043
49044
49053
49054
49055
49056
49057
49059
49062
49069
49073
49074
49075
49076
49077
49081
49082
49083
49093
49112
49120
49129
49130
49140
49149
49152
49153
49155
49157
49186
49187
49203
49204
49214
49215
49227
49230
49257
49267
49268
49269
49270
49271
49273
49274
49278
49291
49297
49302
49303
49310
49311
49320
49321
49322
49331
49333
49334
49338
49343
49374
49375
49387
49412
49413
49414
49420
49421
49422
49423
49424
49426
49427
49431
49432
49433
49447
49451
49452
49454
49460
49470
49471
49472
49473
49487
49492
49493
49504
49505
49507
49533
49534
49535
49536
49537
49538
49539
49540
49541
49542
49543
49544
49545
49546
49547
49548
49549
49590
49601
49602
49603
49604
49605
49606
49632
49633
49634
49635
49636
49639
49640
49641
49642
49668
49669
49670
49671
49672
49673
49674
49675
49676
49677
49687
49716
49717
49718
49719
49720
49722
49777
49780
49905
49966
49967
49968
49969
50105
50175
50178
50179
50212
50243
50247
50248
50267
50268
50269
50270
50291
50292
50298
50299
50311
50312
50313
50314
50315
50316
50317
50318
50319
50320
50321
50322
50323
50352
50353
50355
50362
50363
50364
50369
50370
50371
50372
50378
50379
50380
50381
50382
50383
50385
50386
50387
50388
50389
50421
50422
50452
50454
50455
50456
50466
50467
50468
50469
50470
50471
50472
50473
50474
50508
50511
50512
50513
50516
50517
50519
50546
50547
50549
50595
50596
50597
50598
50614
50615
50659
50667
50670
50675
50676
50677
50678
50679
50680
50681
50682
50683
50684
50685
50691
50700
50701
50702
50703
50712
50713
50720
50725
50726
50730
50732
50749
50752
50760
50767
50774
50781
50803
50805
50806
50816
50825
50835
50846
50850
50851
50852
50855
50856
50857
50858
50859
50860
50861
50862
50863
50864
50865
50870
50871
50872
50873
50874
50875
50876
50877
50878
50879
50888
50889
50893
50894
50926
50933
50934
50935
50936
50937
50938
50939
50940
50941
50942
50952
50955
50959
50990
51001
51083
51091
51102
51103
51104
51109
51112
51113
51114
51115
51135
51136
51156
51157
51190
51191
51192
51193
51206
51208
51215
51216
51218
51224
51228
51231
51233
51234
51235
51236
51239
51240
51242
51246
51253
51255
51256
51257
51258
51259
51260
51261
51262
51263
51264
51266
51272
51273
51274
51275
51280
51282
51283
51293
51296
51310
51311
51338
51339
51341
51342
51343
51344
51345
51346
51347
51348
51349
51350
51351
51352
51353
51354
51355
51356
51357
51358
51359
51360
51361
51362
51371
51372
51373
51374
51375
51376
51377
51378
51379
51380
51381
51382
51383
51384
51385
51386
51387
51388
51389
51390
51391
51392
51393
51394
51395
51396
51397
51398
51399
51400
51401
51403
51404
51405
51407
51408
51409
51410
51411
51434
51439
51441
51442
51446
51447
51448
51450
51451
51452
51454
51455
51460
51461
51462
51463
51466
51484
51485
51492
51518
51520
51521
51527
51528
51543
51544
51548
51557
51558
51559
51560
51561
51563
51564
51565
51566
51567
51568
51569
51570
51571
51572
51573
51577
51585
51586
51602
51603
51604
51605
51606
51607
51608
51610
51611
51612
51620
51624
51630
51631
51634
51636
51637
51638
51643
51644
51645
51682
51691
51692
51706
51714
51718
51722
51725
51726
51727
51731
51732
51733
51734
51736
51740
51741
51742
51743
51744
51745
51746
51750
51751
51754
51755
51767
51769
51779
51801
51814
51815
51819
51821
51822
51825
51839
51842
51843
51851
51852
51853
51866
51867
51868
51869
51870
51872
51873
51880
51883
51886
51895
51896
51897
51899
51900
51901
51915
51918
51942
51943
51944
51945
51950
51979
51980
51983
51996
52001
52013
52014
52036
52037
52038
52039
52041
52042
52043
52050
52060
52061
52065
52068
52071
52074
52075
52076
52087
52088
52089
52097
52099
52100
52101
52102
52103
52104
52106
52107
52119
52120
52123
52125
52126
52127
52141
52142
52148
52156
52159
52160
52161
52173
52188
52189
52190
52192
52196
52197
52211
52212
52213
52231
52236
52237
52238
52239
52243
52245
52261
52267
52268
52274
52288
52292
52293
52297
52303
52306
52307
52310
52314
52315
52316
52324
52325
52329
52331
52332
52335
52337
52343
52344
52346
52351
52352
52353
52354
52355
52356
52357
52358
52359
52360
52361
52362
52363
52364
52365
52366
52367
52368
52369
52370
52371
52372
52373
52374
52375
52377
52378
52379
52381
52382
52393
52394
52395
52400
52408
52446
52461
52462
52463
52464
52477
52478
52484
52486
52487
52488
52489
52497
52501
52506
52513
52521
52522
52523
52525
52526
52527
52533
52536
52545
52546
52547
52556
52557
52558
52560
52562
52564
52575
52577
52578
52579
52580
52581
52583
52584
52585
52586
52587
52589
52593
52594
52595
52596
52597
52598
52599
52600
52601
52613
52614
52615
52620
52621
52632
52633
52634
52635
52636
52637
52638
52639
52640
52641
52642
52643
52644
52645
52646
52647
52648
52649
52650
52651
52652
52653
52654
52655
52656
52657
52658
52659
52660
52661
52662
52667
52668
52669
52674
52675
52676
52679
52680
52681
52683
52685
52686
52687
52688
52689
52691
52692
52693
52694
52698
52700
52706
52712
52717
52721
52726
52727
52728
52729
52737
52741
52743
52747
52748
52749
52750
52751
52752
52754
52756
52757
52758
52759
52761
52762
52767
52768
52770
52774
52775
52776
52777
52778
52780
52781
52784
52785
52786
52787
52788
52789
52791
52806
52813
52814
52815
52816
52817
52818
52819
52820
52822
52823
52824
52825
52826
52827
52828
52829
52830
52831
52832
52833
52834
52835
52836
52837
52838
52839
52840
52841
52842
52848
52849
52850
52851
52853
52854
52855
52856
52857
52858
52859
52860
52861
52862
52863
52869
52874
52876
52877
52881
52884
52886
52888
52889
52890
52891
52892
52893
52894
52895
52896
52897
52898
52899
52900
52903
52906
52907
52909
52910
52911
52912
52914
52915
52916
52917
52918
52919
52920
52921
52933
52934
52936
52939
52940
52941
52942
52943
52944
52945
52946
52947
52948
52949
52950
52951
52952
52953
52954
52955
52957
52964
52969
52972
52977
52978
52979
52980
52986
52987
52988
52990
52991
52992
52993
52994
52998
52999
53000
53001
53002
53003
53004
53005
53006
53007
53008
53009
53010
53011
53012
53013
53014
53020
53023
53024
53025
53026
53029
53031
53032
53033
53034
53035
53036
53037
53038
53039
53040
53041
53042
53043
53044
53045
53047
53055
53056
53059
53062
53063
53070
53071
53072
53073
53074
53075
53076
53077
53078
53082
53083
53084
53085
53088
53089
53090
53091
53092
53093
53096
53097
53098
53100
53101
53102
53103
53104
53105
53106
53107
53108
53110
53111
53112
53113
53114
53115
53116
53119
53121
53130
53131
53132
53133
53134
53135
53136
53137
53138
53139
53140
53141
53153
53154
53155
53156
53157
53158
53159
53162
53163
53168
53181
53185
53188
53191
53196
53202
53203
53204
53206
53207
53211
53220
53221
53222
53223
53227
53228
53234
53235
53238
53239
53242
53243
53244
53245
53252
53253
53254
53255
53259
53263
53264
53265
53270
53275
53276
53278
53279
53281
53290
53292
53300
53303
53310
53312
53313
53325
53326
53333
53334
53335
53337
53338
53339
53340
53341
53342
53353
53354
53359
53364
53367
53369
53378
53379
53402
53403
53404
53405
53427
53428
53429
53430
53431
53432
53433
53434
53435
53436
53437
53438
53439
53440
53441
53442
53443
53444
53445
53454
53455
53456
53457
53458
53459
53460
53461
53462
53464
53465
53466
53467
53468
53469
53470
53472
53486
53487
53488
53489
53493
53494
53499
53500
53504
53505
53510
53512
53513
53515
53517
53518
53519
53520
53522
53523
53529
53532
53533
53538
53541
53543
53544
53546
53547
53548
53551
53553
53554
53555
53557
53561
53562
53567
53574
53575
53576
53577
53578
53580
53582
53583
53584
53585
53588
53589
53591
53595
53596
53599
53601
53603
53607
53616
53618
53619
53621
53629
53636
53640
53644
53645
53646
53647
53650
53651
53653
53654
53655
53656
53661
53662
53665
53666
53667
53676
53677
53678
53679
53686
53694
53697
53701
53702
53703
53704
53708
53712
53713
53714
53715
53716
53718
53719
53722
53723
53725
53726
53729
53732
53736
53738
53746
53752
53753
53754
53761
53764
53766
53767
53768
53769
53770
53771
53773
53774
53775
53776
53782
53786
53788
53791
53793
53795
53800
53803
53804
53806
53809
53810
53811
53813
53814
53816
53817
53818
53821
53823
53826
53827
53828
53829
53832
53835
53839
53844
53845
53847
53848
53851
53852
53853
53856
53863
53868
53870
53871
53876
53877
53879
53882
53883
53886
53890
53891
53892
53894
53895
53899
53903
53907
53911
53921
53922
53923
53927
53930
53935
53938
53942
53944
53946
53951
53954
53956
53957
53958
53959
53961
53962
53963
53966
53967
53968
53972
53973
53974
53983
53989
53995
54000
54003
54004
54005
54007
54013
54015
54017
54019
54020
54030
54031
54037
54038
54039
54047
54052
54053
54054
54056
54057
54060
54061
54062
54065
54067
54069
54070
54071
54083
54089
54091
54098
54099
54100
54101
54102
54103
54107
54109
54110
54111
54113
54115
54117
54118
54121
54123
54125
54126
54127
54128
54129
54132
54136
54137
54139
54140
54141
54142
54149
54150
54154
54155
54157
54160
54162
54164
54169
54170
54171
54172
54174
54176
54180
54181
54184
54187
54193
54196
54198
54200
54202
54203
54206
54207
54209
54212
54213
54215
54216
54221
54224
54227
54233
54236
54248
54259
54260
54262
54270
54280
54285
54290
54292
54294
54303
54305
54306
54309
54312
54316
54319
54320
54322
54324
54328
54339
54340
54349
54352
54353
54354
54356
54357
54362
54363
54367
54369
54370
54373
54375
54376
54378
54381
54382
54389
54426
54432
54445
54446
54447
54449
54451
54454
54457
54460
54462
54464
54470
54473
54480
54481
54484
54485
54487
54488
54491
54493
54494
54495
54500
54501
54507
54509
54511
54512
54513
54518
54520
54523
54525
54528
54535
54548
54555
54556
54560
54562
54564
54565
54577
54578
54591
54595
54599
54611
54614
54616
54617
54619
54622
54627
54632
54633
54642
54644
54645
54652
54654
54659
54661
54662
54670
54671
54684
54685
54688
54689
54695
54699
54701
54702
54711
54712
54713
54715
54716
54717
54720
54724
54725
54728
54731
54737
54740
54743
54744
54745
54751
54756
54758
54759
54761
54767
54768
54770
54779
54781
54786
54787
54790
54795
54796
54797
54804
54809
54814
54815
54816
54817
54825
54832
54833
54843
54844
54845
54848
54849
54852
54853
54855
54856
54857
54858
54864
54866
54873
54876
54877
54879
54881
54884
54887
54897
54899
54901
54904
54905
54906
54907
54910
54918
54924
54927
54931
54932
54935
54940
54944
54948
54952
54959
54965
54971
54975
54981
54983
54985
54991
54994
55000
55001
55002
55006
55007
55009
55011
55012
55016
55020
55027
55029
55030
55031
55034
55035
55037
55043
55045
55047
55048
55049
55051
55058
55069
55072
55074
55077
55079
55080
55081
55083
55084
55089
55103
55105
55119
55123
55133
55136
55138
55141
55142
55145
55149
55152
55158
55159
55163
55166
55169
55170
55176
55177
55178
55179
55184
55189
55196
55197
55198
55199
55200
55203
55206
55211
55214
55215
55222
55223
55225
55226
55228
55230
55231
55237
55238
55239
55241
55243
55244
55245
55250
55255
55258
55261
55263
55276
55279
55297
55305
55306
55307
55313
55314
55315
55318
55319
55324
55331
55335
55337
55339
55341
55342
55345
55350
55365
55373
55374
55378
55380
55382
55386
55390
55392
55393
55394
55398
55417
55420
55423
55424
55425
55427
55430
55431
55444
55446
55452
55464
55466
55471
55473
55477
55478
55479
55483
55485
55491
55495
55497
55503
55508
55509
55514
55517
55521
55522
55524
55531
55534
55535
55537
55543
55550
55555
55558
55559
55561
55577
55581
55583
55588
55592
55594
55598
55601
55603
55609
55612
55618
55620
55627
55633
55636
55649
55650
55651
55684
55695
55709
55724
55725
55728
55731
55757
55758
55760
55762
55774
55775
55781
55784
55804
55805
55807
55809
55819
55821
55823
55829
55834
55835
55841
55843
55848
55849
55850
55857
55863
55868
55876
55879
55880
55884
55891
55900
55907
55912
55913
55920
55925
55927
55931
55943
55944
55956
55959
55968
55970
55971
55981
55986
55998
56000
56006
56013
56027
56028
56031
56040
56045
56053
56055
56065
56073
56076
56078
56084
56086
56089
56093
56102
56107
56114
56120
56130
56138
56142
56144
56150
56152
56153
56155
56165
56166
56169
56180
56182
56197
56202
56221
56224
56226
56229
56234
56242
56244
56247
56249
56250
56251
56262
56267
56269
56273
56275
56277
56279
56282
56284
56286
56293
56301
56314
56319
56320
56321
56323
56330
56331
56338
56348
56351
56361
56364
56365
56369
56374
56384
56390
56391
56394
56403
56404
56408
56411
56422
56423
56430
56467
56472
56476
56479
56488
56490
56495
56504
56509
56517
56518
56519
56520
56529
56533
56535
56538
56543
56544
56545
56546
56547
56554
56559
56569
56573
56575
56584
56585
56588
56592
56594
56596
56597
56609
56612
56618
56620
56621
56622
56642
56644
56647
56648
56649
56652
56653
56657
56665
56672
56681
56685
56690
56691
56692
56700
56701
56706
56707
56711
56722
56723
56724
56728
56731
56732
56734
56736
56737
56738
56751
56757
56762
56763
56766
56767
56769
56771
56773
56774
56775
56788
56793
56795
56807
56810
56818
56821
56823
56830
56831
56833
56839
56846
56848
56849
56853
56864
56866
56869
56870
56872
56876
56879
56887
56888
56890
56912
56914
56917
56924
56927
56939
56946
56951
56953
56956
56958
56960
56964
56966
56976
56978
56986
56990
56992
57000
57001
57018
57021
57028
57032
57036
57037
57049
57050
57053
57058
57059
57064
57066
57074
57077
57088
57091
57096
57097
57106
57108
57109
57119
57120
57137
57142
57144
57145
57147
57149
57154
57165
57175
57178
57179
57180
57181
57183
57189
57191
57192
57196
57211
57214
57217
57219
57222
57223
57225
57229
57232
57233
57234
57235
57236
57246
57250
57251
57257
57264
57272
57274
57277
57283
57285
57287
57290
57294
57296
57301
57311
57318
57325
57327
57337
57348
57352
57353
57360
57362
57371
57372
57377
57383
57384
57385
57405
57419
57421
57422
57423
57425
57427
57435
57439
57441
57447
57451
57460
57461
57468
57473
57478
57490
57508
57509
57510
57512
57513
57514
57515
57516
57524
57526
57533
57551
57558
57561
57562
57565
57569
57570
57572
57574
57575
57586
57589
57596
57608
57614
57615
57617
57618
57619
57620
57623
57629
57633
57635
57636
57638
57644
57645
57648
57650
57651
57655
57659
57660
57662
57692
57694
57697
57701
57703
57704
57705
57707
57708
57710
57712
57723
57726
57732
57735
57737
57740
57744
57749
57751
57753
57754
57755
57756
57768
57770
57782
57788
57794
57795
57797
57807
57814
57815
57827
57831
57835
57842
57846
57857
57860
57866
57867
57868
57869
57878
57879
57882
57886
57893
57896
57897
57900
57901
57912
57913
57925
57928
57930
57935
57941
57949
57952
57953
57955
57968
57969
57971
57974
57985
57988
57996
58001
58012
58013
58015
58016
58017
58023
58025
58028
58029
58033
58037
58039
58048
58054
58062
58065
58066
58074
58080
58084
58085
58099
58102
58106
58108
58113
58116
58125
58139
58144
58148
58149
58155
58156
58160
58167
58170
58175
58178
58179
58184
58193
58196
58198
58205
58216
58217
58219
58220
58223
58230
58233
58246
58251
58259
58262
58265
58267
58269
58270
58271
58273
58274
58278
58282
58292
58299
58300
58303
58305
58308
58318
58322
58325
58329
58332
58334
58337
58341
58342
58347
58350
58351
58353
58362
58365
58366
58373
58376
58379
58386
58390
58393
58395
58409
58410
58414
58420
58421
58425
58426
58428
58429
58431
58435
58439
58442
58443
58445
58450
58459
58467
58468
58472
58473
58474
58482
58485
58487
58493
58502
58514
58517
58531
58537
58540
58541
58543
58544
58546
58549
58556
58558
58560
58565
58569
58579
58590
58601
58606
58607
58608
58612
58618
58621
58631
58632
58635
58643
58655
58656
58663
58664
58665
58673
58674
58683
58685
58687
58690
58692
58695
58697
58701
58703
58704
58708
58711
58713
58727
58729
58730
58732
58733
58734
58736
58740
58746
58750
58752
58756
58758
58766
58767
58773
58774
58778
58782
58789
58791
58792
58795
58808
58817
58819
58823
58824
58825
58829
58833
58836
58837
58838
58840
58843
58845
58852
58856
58857
58858
58861
58864
58873
58874
58884
58887
58888
58890
58891
58893
58894
58897
58900
58902
58906
58910
58911
58922
58935
58941
58942
58943
58944
58945
58952
58953
58957
58958
58959
58962
58971
58973
58975
58982
58989
59002
59003
59004
59009
59012
59013
59014
59018
59023
59024
59028
59033
59041
59042
59044
59045
59047
59048
59050
59056
59057
59062
59065
59073
59076
59080
59082
59083
59084
59089
59090
59091
59101
59103
59104
59119
59127
59130
59134
59135
59143
59147
59159
59160
59165
59169
59174
59183
59184
59189
59201
59202
59205
59207
59209
59221
59226
59227
59239
59240
59242
59246
59250
59252
59254
59256
59261
59262
59263
59273
59274
59282
59288
59292
59295
59296
59297
59299
59315
59326
59327
59334
59336
59346
59349
59352
59353
59355
59363
59369
59378
59379
59385
59395
59396
59398
59400
59405
59408
59411
59412
59413
59416
59417
59428
59432
59442
59449
59452
59454
59462
59474
59480
59485
59486
59489
59509
59511
59514
59519
59525
59538
59547
59552
59564
59573
59574
59575
59576
59592
59593
59594
59602
59606
59611
59612
59616
59623
59638
59647
59656
59660
59666
59667
59668
59676
59678
59681
59685
59688
59689
59691
59700
59702
59716
59723
59729
59730
59731
59732
59747
59750
59754
59761
59763
59765
59767
59771
59778
59782
59795
59804
59806
59808
59815
59822
59823
59828
59836
59838
59839
59843
59850
59851
59853
59859
59865
59866
59867
59873
59879
59883
59901
59918
59919
59920
59922
59939
59950
59953
59954
59955
59959
59962
59970
59971
59972
59976
59977
59982
59984
59994
59995
60006
60014
60024
60025
60038
60047
60048
60051
60063
60066
60079
60081
60084
60088
60095
60096
60101
60113
60116
60120
60123
60125
60132
60134
60136
60137
60142
60143
60144
60145
60147
60156
60158
60160
60161
60168
60169
60171
60173
60175
60181
60182
60184
60185
60190
60209
60210
60211
60213
60220
60225
60239
60242
60244
60247
60251
60252
60253
60255
60263
60272
60280
60281
60284
60285
60288
60296
60298
60301
60309
60310
60317
60319
60330
60331
60342
60344
60345
60355
60357
60360
60367
60374
60380
60392
60394
60404
60410
60413
60414
60421
60425
60449
60458
60459
60460
60466
60471
60472
60474
60482
60483
60485
60486
60487
60488
60489
60490
60491
60493
60496
60497
60502
60505
60517
60521
60526
60527
60534
60538
60539
60540
60542
60543
60544
60549
60550
60562
60563
60564
60567
60573
60574
60576
60578
60579
60582
60586
60588
60590
60593
60604
60609
60611
60614
60628
60631
60633
60635
60641
60645
60647
60653
60659
60661
60664
60665
60672
60675
60678
60684
60688
60692
60697
60698
60699
60709
60710
60712
60714
60721
60725
60735
60738
60742
60748
60749
60756
60760
60764
60771
60777
60785
60787
60788
60789
60793
60797
60799
60800
60801
60804
60805
60809
60812
60814
60819
60825
60828
60831
60832
60833
60834
60837
60856
60858
60860
60861
60865
60866
60869
60876
60878
60892
60893
60896
60897
60899
60902
60912
60914
60919
60920
60926
60930
60935
60936
60942
60943
60945
60959
60965
60969
60980
60982
60984
60991
60993
60999
61000
61006
61012
61013
61015
61019
61022
61024
61025
61028
61036
61039
61041
61042
61049
61056
61057
61066
61069
61071
61072
61075
61076
61078
61080
61088
61096
61097
61104
61106
61108
61111
61112
61113
61116
61117
)


// ************************************************************************* //
